10.02000046,0.5388228893
10.06999969,0.5388948917
10.11999989,0.5388562083
10.22000027,0.5392313004
10.27000046,0.5391216874
10.31999969,0.5388989449
10.34000015,0.53906703
10.42000008,0.5387287736
10.47000027,0.5387145281
10.56999969,0.5387614965
10.61999989,0.5390629768
10.72000027,0.5388444662
10.77000046,0.5390725732
10.81999969,0.5388746262
10.92000008,0.5389821529
11.02000046,0.5388976932
11.11999989,0.5388627648
11.17000008,0.538828671
11.22000027,0.5386861563
11.31999969,0.5390844345
11.36999989,0.5386523604
11.47000027,0.5388154984
11.52999973,0.5389208198
11.61999989,0.5388199687
11.77000046,0.5384796262
11.86999989,0.5387992859
11.97000027,0.5387778282
12.02000046,0.5386801362
12.06999969,0.5387835503
12.11999989,0.5388554931
12.17000008,0.5385267735
12.22000027,0.5388746262
12.27999973,0.5387654305
12.31999969,0.5386241674
12.42000008,0.5388311744
12.52000046,0.5386078954
12.61999989,0.538695395
12.67000008,0.5388604403
12.72000027,0.5386269689
12.77000046,0.5387273431
12.81999969,0.5386781693
12.86999989,0.5387342572
12.97000027,0.5383161902
13.02000046,0.5385844707
13.11999989,0.5385919809
13.22000027,0.5383709669
13.27000046,0.5388456583
13.36999989,0.5386192799
13.42000008,0.5386520624
13.47000027,0.5386019349
13.52000046,0.5386151075
13.61999989,0.5385930538
13.67000008,0.5389921069
13.72000027,0.5386176109
13.81999969,0.5386838913
13.86999989,0.5385139585
13.89000034,0.5388492942
13.97000027,0.5388244987
14.06999969,0.5384287238
14.11999989,0.5385657549
14.22000027,0.5385360718
14.27000046,0.5387878418
14.30000019,0.5390206575
14.36999989,0.5385357141
14.47000027,0.5384824276
14.56999969,0.5386834145
14.67000008,0.5387645364
14.72000027,0.5388255119
14.80000019,0.5387396216
14.86999989,0.538610816
14.92000008,0.5384551287
14.97000027,0.5385885239
15.06999969,0.5384781361
15.09000015,0.5385414362
15.17000008,0.5388351679
15.27000046,0.5384874344
15.31999969,0.5387471914
15.36999989,0.5386833549
15.42000008,0.5386327505
15.52000046,0.5386732221
15.56999969,0.5385755897
15.61999989,0.5387088656
15.72000027,0.5386576653
15.77000046,0.5384251475
15.81999969,0.5382910967
15.85999966,0.5389954448
15.92000008,0.5383548141
15.97000027,0.5385373831
16.06999969,0.5384548306
16.17000008,0.5386810303
16.21999931,0.5384063721
16.31999969,0.5386914611
16.37000084,0.5387330651
16.46999931,0.5386961102
16.56999969,0.5387409925
16.62000084,0.5388997197
16.67000008,0.5384270549
16.77000046,0.5383687019
16.81999969,0.5386841297
16.92000008,0.5385664105
16.96999931,0.5385648608
17.01000023,0.5383867621
17.06999969,0.538821578
17.12000084,0.538387835
17.21999931,0.538551271
17.27000046,0.5384750366
17.31999969,0.5385261178
17.37000084,0.5385164022
17.39999962,0.5384269357
17.46999931,0.5385429263
17.56999969,0.5384166241
17.62000084,0.5385717154
17.67000008,0.5384894609
17.71999931,0.5387607217
17.81999969,0.5384924412
17.84000015,0.5383680463
17.92000008,0.5383226275
17.96999931,0.5385549664
18.02000046,0.5385271311
18.06999969,0.5382950902
18.17000008,0.5384966731
18.21999931,0.5385202169
18.26000023,0.5385373831
18.31999969,0.5385139585
18.42000008,0.5384768248
18.46999931,0.5386199355
18.52000046,0.5385587215
18.62000084,0.5384922028
18.62999916,0.5384317636
18.71999931,0.5387431383
18.77000046,0.5386564732
18.87000084,0.5385020375
18.92000008,0.5384190679
19.02000046,0.5387142301
19.05999947,0.5388483405
19.12000084,0.5386263132
19.17000008,0.5381758809
19.27000046,0.5387163162
19.31999969,0.5387598276
19.42000008,0.5387265682
19.52000046,0.538588047
19.62000084,0.5387344956
19.67000008,0.5386843085
19.71999931,0.5387065411
19.77000046,0.5385664701
19.80999947,0.5386611223
19.92000008,0.5384927988
20.02000046,0.5388911963
20.06999969,0.5388141274
20.17000008,0.5385956764
20.21999931,0.5387286544
20.27000046,0.538613379
20.31999969,0.5386304259
20.37000084,0.5387254953
20.42000008,0.5386730433
20.52000046,0.5388513207
20.56999969,0.5386989117
20.60000038,0.5388265848
20.67000008,0.5390200019
20.77000046,0.5387929082
20.81999969,0.5387295485
20.87000084,0.5389025211
20.96999931,0.5389361978
21.02000046,0.5386766791
21.12000084,0.5390233994
21.17000008,0.5389784575
21.21999931,0.5394385457
21.27000046,0.53888309
21.37000084,0.5393345356
21.42000008,0.5391082168
21.46999931,0.5392999649
21.56999969,0.5392610431
21.62000084,0.5395305753
21.71999931,0.5395543575
21.77000046,0.5397885442
21.79999924,0.5396285653
21.87000084,0.5396991372
21.92000008,0.539781332
22.02000046,0.5397539735
22.12000084,0.5399438739
22.18000031,0.5399334431
22.21999931,0.5401613712
22.27000046,0.5402428508
22.31999969,0.5402897596
22.42000008,0.5403481126
22.52000046,0.5406233072
22.56999969,0.540602982
22.67000008,0.540768683
22.71999931,0.5409097075
22.81999969,0.5409355164
22.92000008,0.5412119627
22.96999931,0.5413057208
23.01000023,0.541240871
23.06999969,0.541495502
23.12000084,0.5416452289
23.17000008,0.5415003896
23.27000046,0.5419261456
23.31999969,0.5421184897
23.37000084,0.5419777036
23.39999962,0.5422462225
23.46999931,0.5424261689
23.56999969,0.5427087545
23.67000008,0.5429052114
23.71999931,0.5430465937
23.81999969,0.5432346463
23.87000084,0.5433443189
23.92000008,0.543862164
23.96999931,0.5437216163
24.02000046,0.5439764261
24.12000084,0.5440558791
24.15999985,0.544303894
24.21999931,0.5444321036
24.27000046,0.544936657
24.37000084,0.5447167754
24.42000008,0.545255363
24.52000046,0.5454497933
24.55999947,0.5457260609
24.62000084,0.5458448529
24.71999931,0.5459855199
24.77000046,0.5463787913
24.81999969,0.5468218923
24.92000008,0.5468591452
24.96999931,0.5474721789
25.06999969,0.5478360653
25.12000084,0.5480574369
25.17000008,0.5481536388
25.27000046,0.5485820174
25.37000084,0.5488640666
25.46999931,0.5496090055
25.52000046,0.5499255657
25.56999969,0.5502099991
25.67000008,0.550771594
25.77000046,0.5508734584
25.81999969,0.5517229438
25.96999931,0.5520555973
26.06999969,0.5531770587
26.12999916,0.553596139
26.21999931,0.5539596081
26.27000046,0.5545295477
26.37000084,0.5547996163
26.42000008,0.5554734468
26.52000046,0.556016624
26.53000069,0.5563000441
26.62000084,0.5571269989
26.67000008,0.5573126078
26.77000046,0.5578373075
26.81999969,0.5579899549
26.92000008,0.5594345927
26.95000076,0.5599681139
27.02000046,0.5605225563
27.06999969,0.5607376099
27.17000008,0.5615127683
27.27000046,0.5628898144
27.31999969,0.5632919669
27.37000084,0.5639251471
27.42000008,0.5648672581
27.52000046,0.5651295781
27.62000084,0.5656498671
27.67000008,0.5667313337
27.71999931,0.5673561096
27.77000046,0.5679651499
27.81999969,0.5685091615
27.87000084,0.569142282
27.96999931,0.5702244639
28.06999969,0.5722203255
28.12999916,0.5726188421
28.21999931,0.5735207796
28.31999969,0.574891746
28.37000084,0.5757833719
28.46999931,0.5773437619
28.52000046,0.5783253312
28.57999992,0.5794007778
28.62000084,0.5803900957
28.71999931,0.5813429356
28.81999969,0.5823309422
28.87000084,0.5839971304
28.94000053,0.5852742791
29.02000046,0.5859565735
29.06999969,0.5872628689
29.17000008,0.5883091092
29.21999931,0.5892968178
29.27000046,0.5905409455
29.31999969,0.591671586
29.42000008,0.5926045775
29.46999931,0.5947741866
29.52000046,0.5958200693
29.67000008,0.5970343351
29.70999908,0.598926425
29.77000046,0.6002031565
29.87000084,0.6020488143
29.96999931,0.6041471958
30.02000046,0.6056027412
30.06999969,0.6066791415
30.12000084,0.6078771353
30.17000008,0.608766377
30.27000046,0.6102771759
30.37000084,0.6125891805
30.46999931,0.6138258576
30.47999954,0.6154420376
30.56999969,0.6169416904
30.67000008,0.6180968881
30.71999931,0.618997395
30.77000046,0.6207743883
30.87000084,0.6223870516
30.92000008,0.6247860789
30.96999931,0.6258749366
31.06999969,0.6272743344
31.12000084,0.6286271214
31.21999931,0.6313807964
31.25,0.6323438287
31.31999969,0.634103775
31.42000008,0.6353466511
31.46999931,0.6366735697
31.52000046,0.6380825043
31.67000008,0.6405082941
31.70000076,0.6419183016
31.71999931,0.6431427598
31.81999969,0.6445550323
31.92000008,0.6456511617
31.96999931,0.6477668881
32.02000046,0.6486516595
32.11999893,0.6498653889
32.16999817,0.6509625912
32.22000122,0.6520460844
32.31999969,0.6531819701
32.36999893,0.6555540562
32.43999863,0.6562029123
32.56999969,0.6569899321
32.66999817,0.6594048142
32.72000122,0.6603209376
32.77000046,0.6612078547
32.81999969,0.6623498797
32.88999939,0.662830472
32.97000122,0.6631305814
33.02000046,0.6639237404
33.11999893,0.6643322706
33.16999817,0.664750874
33.22000122,0.6652526259
33.31999969,0.6658711433
33.36999893,0.6661611795
33.47000122,0.6664796472
33.52000046,0.6662145257
33.56999969,0.666615963
33.61999893,0.6668007374
33.68000031,0.666921258
33.77000046,0.6669335365
33.81999969,0.667301476
33.86999893,0.6669651866
33.97000122,0.6673442125
34.06999969,0.6679423451
34.11999893,0.6674434543
34.16999817,0.6677188277
34.22000122,0.668058157
34.27000046,0.6676418781
34.31999969,0.6680390835
34.38999939,0.6680752039
34.47000122,0.6683296561
34.52000046,0.6684097648
34.56999969,0.6685653925
34.66999817,0.6686779261
34.72000122,0.6683595181
34.77000046,0.668700397
34.81999969,0.6686179042
34.91999817,0.6685938835
34.97000122,0.6687459946
35.06999969,0.6686789393
35.16999817,0.6691169739
35.27000046,0.6692753434
35.36999893,0.6691568494
35.41999817,0.6693462729
35.52000046,0.6691654921
35.52999878,0.6692742109
35.61999893,0.6692246199
35.66999817,0.6695300937
35.77000046,0.6694543362
35.81999969,0.669226706
35.86999893,0.6693650484
35.91999817,0.6692574024
35.97000122,0.6697033048
36.06999969,0.6696101427
36.11999893,0.6697046757
36.16999817,0.6695408225
36.22000122,0.6697087288
36.27000046,0.6697152853
36.36999893,0.6696642041
36.38999939,0.6698138714
36.47000122,0.6699680686
36.56999969,0.6696824431
36.61999893,0.6696429253
36.66999817,0.669659555
36.77000046,0.6699730754
36.81999969,0.6700686812
36.86999893,0.6699430943
37.02000046,0.6700864434
37.06999969,0.670148015
37.22000122,0.6702099442
37.31999969,0.6702503562
37.36999893,0.6704473495
37.41999817,0.6705913544
37.56999969,0.670496881
37.61999893,0.6707211733
37.72000122,0.6708502769
37.77000046,0.6704307199
37.81999969,0.6706479788
37.91999817,0.6706504822
37.97000122,0.6708515286
38.02000046,0.6707630754
38.06999969,0.6711359024
38.16999817,0.6713649035
38.27000046,0.6711800694
38.31999969,0.6713756323
38.36999893,0.6713969111
38.41999817,0.6714695096
38.47000122,0.6714540124
38.56999969,0.6716275811
38.66999817,0.6717126369
38.77000046,0.6718973517
38.81999969,0.6721056104
38.88000107,0.6720514297
38.97000122,0.6721442938
39.02000046,0.6723901033
39.11999893,0.6724843979
39.22000122,0.6726022959
39.25999832,0.672753334
39.31999969,0.6729449034
39.36999893,0.6731846333
39.47000122,0.6734614968
39.56999969,0.6734377146
39.63000107,0.6733076572
39.66999817,0.6736775041
39.77000046,0.6737275124
39.81999969,0.6739125252
39.91999817,0.6740324497
39.97000122,0.6743033528
40.02000046,0.6745013595
40.16999817,0.6742967367
40.22000122,0.6746883988
40.31999969,0.6748166084
40.41999817,0.6750250459
40.47000122,0.6749945283
40.56999969,0.6754826903
40.61999893,0.6754969358
40.66999817,0.6756500602
40.72000122,0.6757680178
40.77000046,0.6760713458
40.83000183,0.6760182977
40.86999893,0.6759364009
41.02000046,0.6762351394
41.11999893,0.6764764786
41.22000122,0.6764240861
41.27000046,0.6766178608
41.41999817,0.6769644022
41.47000122,0.6771059632
41.56999969,0.6772182584
41.61999893,0.6774187088
41.66999817,0.6772710085
41.77000046,0.6774737239
41.86999893,0.6778191924
41.97000122,0.6778286099
42.06999969,0.6780039072
42.09000015,0.677870512
42.16999817,0.6782616973
42.27000046,0.6782031655
42.31999969,0.6781410575
42.41999817,0.6782230139
42.45000076,0.6784930825
42.52000046,0.6786689162
42.56999969,0.6786482334
42.66999817,0.6786607504
42.72000122,0.6787533164
42.86999893,0.6792666316
42.91999817,0.6790940762
43.06999969,0.6793759465
43.11999893,0.6793411374
43.16999817,0.6793612242
43.22000122,0.6793720722
43.27000046,0.6795937419
43.36999893,0.679684639
43.41999817,0.6794894934
43.52000046,0.6799295545
43.56999969,0.6798580885
43.63999939,0.6798206568
43.72000122,0.6800575256
43.81999969,0.6800701022
43.86999893,0.6802421808
43.91999817,0.6804443002
43.97000122,0.6804029346
44.02000046,0.6810211539
44.11999893,0.6806138158
44.16999817,0.6804199219
44.22000122,0.6808686852
44.31999969,0.680860281
44.36999893,0.6810828447
44.41999817,0.6810469031
44.49000168,0.6812576056
44.56999969,0.6812077761
44.66999817,0.6816548705
44.77000046,0.6817145944
44.81999969,0.6815461516
44.88000107,0.6816905141
44.97000122,0.6819562912
45.02000046,0.6818284988
45.06999969,0.6819621921
45.16999817,0.6822794676
45.22000122,0.682400763
45.27999878,0.6828699708
45.36999893,0.6824116111
45.41999817,0.6824954152
45.47000122,0.6829012036
45.56999969,0.6828967929
45.61999893,0.6828923821
45.72000122,0.6831098795
45.77000046,0.6832579374
45.86999893,0.6834257841
45.97000122,0.683583498
46.11999893,0.6836636066
46.16999817,0.6836218238
46.22000122,0.6836054325
46.27000046,0.6837971807
46.36999893,0.6840319037
46.40999985,0.6839351058
46.52000046,0.6842429638
46.56999969,0.6846561432
46.61999893,0.6842700839
46.66999817,0.6843450665
46.77000046,0.684800446
46.81999969,0.6846096516
46.83000183,0.6847683191
46.91999817,0.6848850846
47.06999969,0.6852769852
47.11999893,0.6855202913
47.16999817,0.6853494644
47.24000168,0.6858609915
47.31999969,0.685372889
47.41999817,0.6857485771
47.52000046,0.6857518554
47.61999893,0.6861594319
47.66999817,0.6859562397
47.77000046,0.6862108111
47.81999969,0.6864333749
47.86999893,0.6861052513
47.97000122,0.6866160035
48.02000046,0.686707437
48.06999969,0.6867108941
48.22000122,0.6869628429
48.41999817,0.6869834661
48.52000046,0.6875067353
48.56999969,0.687464118
48.61999893,0.6874815226
48.66999817,0.687722683
48.72000122,0.6876024008
48.77000046,0.6877807379
48.86999893,0.6880820394
48.91999817,0.6881585121
49.02000046,0.6879523396
49.11999893,0.6885844469
49.16999817,0.6885700822
49.22999954,0.6885385513
49.31999969,0.6886377335
49.36999893,0.6887900233
49.41999817,0.688419342
49.52000046,0.6888926625
49.61999893,0.6892623305
49.63999939,0.6889508963
49.72000122,0.6893501878
49.81999969,0.6893900037
49.91999817,0.68943578
