24.12000084,0.5521427989
24.02000046,0.5525094867
23.87000084,0.5523195267
23.77000046,0.5524454713
23.71999931,0.5526119471
23.62000084,0.5531719327
23.52000046,0.5531741977
23.42000008,0.553373158
23.37000084,0.5537291765
23.27000046,0.5540932417
23.21999931,0.5540691018
23.12000084,0.554181993
23.06999969,0.5542565584
22.96999931,0.5541341305
22.92000008,0.5542194247
22.77000046,0.5543856621
22.71999931,0.5542417169
22.62000084,0.5543400049
22.55999947,0.5545091033
22.46999931,0.5545826554
22.42000008,0.5542561412
22.37000084,0.5546762347
22.27000046,0.5544202924
22.17000008,0.5543368459
22.12000084,0.5542176366
22.02000046,0.5544908643
21.96999931,0.554464817
21.92000008,0.554284513
21.81999969,0.5544127822
21.78000069,0.5544449091
21.71999931,0.5541757345
21.67000008,0.5542719364
21.62000084,0.5544714332
21.52000046,0.5543715358
21.46999931,0.5542106032
21.44000053,0.5541089177
21.37999916,0.5539507866
21.31999969,0.5542980433
21.27000046,0.5540734529
21.21999931,0.5540167093
21.12000084,0.5538628697
21.06999969,0.5540228486
21.02000046,0.5539409518
20.92000008,0.5538961291
20.81999969,0.5536053777
20.71999931,0.5536929965
20.67000008,0.5535473824
20.56999969,0.5537631512
20.52000046,0.5537927747
20.42000008,0.5534657836
20.31999969,0.5530815125
20.21999931,0.5530510545
20.18000031,0.5532889366
20.12000084,0.5533167124
20.06999969,0.5531039834
19.96999931,0.5530197024
19.92000008,0.5533082485
19.87000084,0.5529860258
19.81999969,0.5530200601
19.71999931,0.5530427098
19.67000008,0.5529465079
19.62000084,0.5530467033
19.52000046,0.5526121259
19.46999931,0.5527885556
19.37000084,0.5526829958
19.27000046,0.5527296066
19.21999931,0.5523201823
19.12000084,0.5524069071
19.06999969,0.5525918007
18.96999931,0.5524394512
18.87000084,0.5525648594
18.77000046,0.552288115
18.71999931,0.5524390936
18.67000008,0.5520780087
18.61000061,0.5520139337
18.52000046,0.5521730185
18.46999931,0.5521916151
18.42000008,0.5521304607
18.37000084,0.5519687533
18.27000046,0.5520040393
18.21999931,0.5520528555
18.17000008,0.5518963337
18.12000084,0.5518340468
18.02000046,0.5518203378
17.96999931,0.5516673923
17.87000084,0.5518450141
17.84000015,0.5518271327
17.81999969,0.5516014099
17.71999931,0.5513452888
17.62000084,0.5517652035
17.56999969,0.5516989231
17.52000046,0.5514649153
17.46999931,0.5516126752
17.42000008,0.5516799688
17.31999969,0.5514472127
17.27000046,0.5513774157
17.17000008,0.5516089797
17.12000084,0.5514330864
17.05999947,0.5513113737
17.02000046,0.551086545
16.92000008,0.5516537428
16.87000084,0.5511786938
16.77000046,0.5513361096
16.67000008,0.5513806939
16.63999939,0.5510396957
16.56999969,0.5511980057
16.42000008,0.5510594249
16.37000084,0.5511763692
16.31999969,0.5509391427
16.28000069,0.5510590672
16.17000008,0.5508881807
16.12000084,0.5511729121
16.02000046,0.5506632924
15.92000008,0.5506809354
15.86999989,0.5509188175
15.77000046,0.5509095788
15.72000027,0.5507425666
15.67000008,0.5507657528
15.56999969,0.5505512357
15.52000046,0.5507652164
15.43999958,0.5507096648
15.36999989,0.5507953763
15.31999969,0.5508142114
15.27000046,0.5504634976
15.17000008,0.5505810976
15.11999989,0.5506927967
15.06999969,0.5504962206
15.02000046,0.5504735112
14.97000027,0.5503445268
14.92000008,0.5505099297
14.81999969,0.5507211685
14.77000046,0.5504137874
14.67000008,0.5503460169
14.56999969,0.5501223207
14.52000046,0.5502374172
14.47000027,0.5505742431
14.42000008,0.5500542521
14.31999969,0.5502794981
14.22000027,0.5503724813
14.17000008,0.5502364039
14.06999969,0.5501301885
13.97000027,0.5501612425
13.92000008,0.5500037074
13.86999989,0.5502081513
13.81999969,0.5501938462
13.72000027,0.5502027869
13.67000008,0.5499337912
13.61999989,0.5500262976
13.56999969,0.5498495102
13.52999973,0.5499741435
13.47000027,0.5498580933
13.36999989,0.5497514009
13.31999969,0.5498489738
13.22000027,0.5496249795
13.17000008,0.5495868325
13.11999989,0.5498315692
13.06999969,0.5497573018
12.92000008,0.5494317412
12.86999989,0.5497664809
12.77000046,0.549664557
12.72000027,0.5494372249
12.67000008,0.5493544936
12.61999989,0.5494796038
12.52000046,0.5494801998
12.47000027,0.5491632223
12.42000008,0.5494529605
12.36999989,0.5495904684
12.27000046,0.5492703915
12.22000027,0.5489608645
12.11999989,0.5493450761
12.02000046,0.5490315557
11.97000027,0.5490592122
11.86999989,0.5491207838
11.81999969,0.5489361286
11.72000027,0.5489164591
11.67000008,0.5492823124
11.56999969,0.5489132404
11.52999973,0.5488118529
11.47000027,0.5487836003
11.42000008,0.5487693548
11.31999969,0.5487904549
11.27000046,0.5487757325
11.22000027,0.548927784
11.17000008,0.5486202836
11.13000011,0.5488259196
11.06999969,0.5486236215
10.97000027,0.5485482812
10.86999989,0.5487761497
10.77000046,0.5485654473
10.67000008,0.5483002663
10.61999989,0.5484083295
10.56999969,0.5484452844
10.47000027,0.5480937958
10.42000008,0.548394978
10.36999989,0.5483377576
10.27000046,0.5482552052
10.22000027,0.5479999781
10.11999989,0.5481135845
10.06999969,0.5481756926
9.970000267,0.5479703546
9.920000076,0.5481000543
9.869999886,0.5479587913
9.770000458,0.5478898883
9.720000267,0.5479890704
9.670000076,0.547804594
9.619999886,0.547866106
9.569999695,0.5478160977
9.520000458,0.5477166176
9.470000267,0.5479188561
9.369999886,0.5474797487
9.270000458,0.5476561785
9.170000076,0.5475935936
9.140000343,0.5473031998
9.119999886,0.547218442
9.020000458,0.5473062992
8.970000267,0.5471998453
8.869999886,0.5471580625
8.770000458,0.5471161604
8.670000076,0.5468300581
8.569999695,0.5470502973
8.520000458,0.5469335914
8.470000267,0.5465760827
8.420000076,0.5468195677
8.369999886,0.5467239618
8.270000458,0.5465325713
8.220000267,0.5465890765
8.119999886,0.5467877984
8.069999695,0.54653126
7.96999979,0.5462605357
7.920000076,0.5462676883
7.869999886,0.5459964275
7.820000172,0.5462414622
7.769999981,0.5460985899
7.670000076,0.5461291671
7.619999886,0.5458977222
7.579999924,0.5457475185
7.46999979,0.5457162261
7.420000076,0.5456801057
7.320000172,0.545553565
7.21999979,0.5454635024
7.170000076,0.5453525782
7.070000172,0.545470953
7.019999981,0.5451815128
6.869999886,0.5449861884
6.769999981,0.5447832346
6.71999979,0.545055449
6.619999886,0.5448275208
6.570000172,0.5446862578
6.46999979,0.544318974
6.449999809,0.5445511937
6.420000076,0.5442522764
6.320000172,0.5441578031
6.269999981,0.544202745
6.170000076,0.5440288186
6.119999886,0.5440655947
6.019999981,0.5439577103
5.96999979,0.5435624719
5.869999886,0.5436909199
5.820000172,0.5436955094
5.769999981,0.5434727073
5.71999979,0.5431790948
5.619999886,0.5432212353
5.570000172,0.5430036187
5.46999979,0.5428683162
5.420000076,0.5425873399
5.369999886,0.5426409245
5.269999981,0.5424843431
