29.96999931,0.6251890063
29.77000046,0.6257351041
29.71999931,0.62668854
29.62000084,0.627311945
29.52000046,0.6277266145
29.46999931,0.6282667518
29.37000084,0.6291497946
29.31999969,0.6300267577
29.21999931,0.6301954985
29.17000008,0.6306470633
29.06999969,0.6311032176
28.96999931,0.631739974
28.87000084,0.6320203543
28.81999969,0.6325277686
28.71999931,0.6326886415
28.70000076,0.6327033043
28.62000084,0.6326805353
28.56999969,0.6329040527
28.46999931,0.6333342791
28.42000008,0.6331903934
28.37999916,0.6332229972
28.27000046,0.6335248351
28.21999931,0.6333106756
28.17000008,0.6337748766
28.06999969,0.6336387396
28.02000046,0.6337911487
27.92000008,0.6337041259
27.87000084,0.6336429715
27.81999969,0.6337909102
27.71999931,0.633883059
27.67000008,0.6338888407
27.56999969,0.6339498162
27.52000046,0.6342476606
27.42000008,0.6339432001
27.37000084,0.6341041327
27.27000046,0.6340628862
27.17000008,0.6341056228
27.06999969,0.6340545416
26.96999931,0.6341249943
26.92000008,0.6341641545
26.87000084,0.6338436007
26.77000046,0.6339402199
26.71999931,0.6337859035
26.56999969,0.6338254809
26.52000046,0.6342353225
26.42000008,0.6339817047
26.37000084,0.6337088346
26.35000038,0.6336716413
26.27000046,0.6336618066
26.21999931,0.6338788271
26.12000084,0.6338487267
26.06999969,0.6336973906
26.02000046,0.6336055994
25.92000008,0.6334885955
25.81999969,0.6333634257
25.77000046,0.6334939599
25.71999931,0.6335461736
25.67000008,0.6332979202
25.56999969,0.6329753399
25.54000092,0.6330189705
25.42000008,0.6331708431
25.37000084,0.6329705119
25.27000046,0.6331439614
25.21999931,0.6329026818
25.13999939,0.6326552033
25.06999969,0.6322906613
24.96999931,0.6322757602
24.87000084,0.6323242784
24.77000046,0.6320372224
24.76000023,0.6320146918
24.67000008,0.6318705082
24.62000084,0.6319050789
24.56999969,0.6317229867
24.52000046,0.6316008568
24.42000008,0.6313964128
24.37999916,0.6312032342
24.31999969,0.6313279271
24.21999931,0.6312127709
24.12000084,0.6309511065
24.06999969,0.630738318
23.92000008,0.6307803988
23.81999969,0.6306649446
23.77000046,0.6303860545
23.67000008,0.6302286386
23.59000015,0.6304679513
23.52000046,0.6299517751
23.46999931,0.6299400926
23.37000084,0.629863739
23.31999969,0.6297760606
23.21999931,0.6296451688
23.18000031,0.629340291
23.12000084,0.629044354
23.06999969,0.6293831468
22.96999931,0.6290912628
22.92000008,0.6290113926
22.81999969,0.6288693547
22.71999931,0.6284926534
22.67000008,0.6287189722
22.62999916,0.6287677884
22.56999969,0.6285030842
22.52000046,0.6287645698
22.42000008,0.6283028722
22.31999969,0.6283791661
22.21999931,0.6281840205
22.17000008,0.6282634139
22.06999969,0.6280100346
22.02000046,0.62782377
21.95999908,0.6276584864
21.87000084,0.627887547
21.81999969,0.6276519299
21.77000046,0.6274850368
21.71999931,0.6273399591
21.67000008,0.6271617413
21.62000084,0.6272656322
21.54000092,0.6269341707
21.52000046,0.6273350716
21.42000008,0.6270133853
21.31999969,0.6267557144
21.17000008,0.6266184449
21.12000084,0.6263992786
21.02000046,0.6264051199
20.92000008,0.625903368
20.87000084,0.625836134
20.81999969,0.6258391738
20.76000023,0.6261746883
20.67000008,0.6260455251
20.62000084,0.6258140206
20.56999969,0.6257638335
20.52000046,0.6256439686
20.46999931,0.6253455281
20.37000084,0.6251942515
20.31999969,0.6248859167
20.27000046,0.6250514388
20.21999931,0.6248414516
20.17000008,0.6248419285
20.06999969,0.6247668862
20.04000092,0.6245077252
20.02000046,0.624373138
19.87000084,0.6243355274
19.81999969,0.6241496205
19.71999931,0.623742938
19.67000008,0.6238092184
19.61000061,0.6233600378
19.52000046,0.6235453486
19.46999931,0.6234325767
19.37000084,0.6231555939
19.31999969,0.6228608489
19.21999931,0.6227644682
19.17000008,0.6223456264
19.12000084,0.6226344705
19.06999969,0.6222404838
19.02000046,0.6221609712
18.96999931,0.6218767762
18.92000008,0.6217559576
18.81999969,0.6213299632
18.71999931,0.6214256287
18.67000008,0.6212842464
18.56999969,0.6208232641
18.52000046,0.6204581857
18.42000008,0.6204243302
18.40999985,0.6201848388
18.37000084,0.6199561954
18.27000046,0.6197515726
18.21999931,0.6196763515
18.17000008,0.6195597649
18.06999969,0.6191599369
17.96999931,0.6189590096
17.92000008,0.6188414693
17.87000084,0.6183401346
17.77000046,0.6182046533
17.67000008,0.6176528335
17.62000084,0.6174544692
17.52000046,0.6172505617
17.46999931,0.6169665456
17.42000008,0.6167336702
17.37000084,0.6166526079
17.31999969,0.6164873838
17.27000046,0.6160956025
17.23999977,0.6158453822
17.17000008,0.615475297
17.06999969,0.615670383
17.02000046,0.6150866747
16.92000008,0.6146258116
16.87000084,0.614683032
16.85000038,0.6141935587
16.77000046,0.6139603257
16.71999931,0.6136720181
16.67000008,0.6135838628
16.56999969,0.6130558848
16.46999931,0.6125363111
16.42000008,0.6122690439
16.37000084,0.6121678948
16.27000046,0.6116510034
16.17000008,0.6110194921
16.12000084,0.6107398272
16.07999992,0.61044842
16.02000046,0.610088706
15.97000027,0.6096152663
15.86999989,0.6093143225
15.77000046,0.6090632081
15.69999981,0.6081113219
15.61999989,0.6079669595
15.52000046,0.607232213
15.47000027,0.6069832444
15.36999989,0.60691154
15.31000042,0.6060441136
15.22000027,0.6057885289
15.17000008,0.6054017544
15.06999969,0.6048522592
14.97000027,0.6043348312
14.92000008,0.6038346291
14.88000011,0.6035262942
14.77000046,0.6029679775
14.67000008,0.6024032235
14.61999989,0.6017984152
14.56999969,0.6016457081
14.52000046,0.6013462543
14.47999954,0.6008400321
14.36999989,0.600350976
14.27000046,0.599983573
14.22000027,0.5994981527
14.15999985,0.5986949205
14.11999989,0.5984194875
14.02000046,0.5979956985
13.97000027,0.5973082781
13.92000008,0.5972748995
13.81999969,0.5967743993
13.77000046,0.5960845351
13.68000031,0.5956552029
13.61999989,0.5952962041
13.56999969,0.5946955681
13.52000046,0.5941287875
13.47000027,0.5940362215
13.36999989,0.5932530165
13.32999992,0.5929114819
13.27000046,0.592400074
13.22000027,0.5918623209
13.11999989,0.5915040374
13.06999969,0.5908371806
12.97000027,0.5905686617
12.92000008,0.5893628597
