14.22000027,0.6052485704
14.36999989,0.6045871377
14.42000008,0.6040390134
14.47000027,0.6036699414
14.61999989,0.6032826304
14.68000031,0.6019793153
14.77000046,0.6019316912
14.81999969,0.6011261344
14.92000008,0.6008123159
14.97000027,0.6003962159
15.03999996,0.5998283029
15.06999969,0.5994769335
15.17000008,0.5991508961
15.22000027,0.5989553332
15.27000046,0.5986401439
15.31999969,0.5983547568
15.42000008,0.597997129
15.43000031,0.5977829695
15.52000046,0.5976034999
15.56999969,0.5974657536
15.61999989,0.5973241925
15.67000008,0.5973120332
15.77000046,0.5967697501
15.82999992,0.5961239338
15.92000008,0.5960626602
16.02000046,0.5956317782
16.06999969,0.5953916311
16.12000084,0.5952919722
16.21999931,0.5952809453
16.27000046,0.5946836472
16.31999969,0.5948358178
16.42000008,0.5943762064
16.46999931,0.5941362381
16.52000046,0.5939728022
16.56999969,0.5938385129
16.62000084,0.5937427878
16.71999931,0.5936721563
16.77000046,0.5934242606
16.92000008,0.5931970477
16.96999931,0.5929409266
17.03000069,0.5930039287
17.06999969,0.592544198
17.17000008,0.5925014615
17.27000046,0.5925676823
17.37000084,0.5920497775
17.37999916,0.5922051668
17.42000008,0.5918655992
17.52000046,0.5918863416
17.62000084,0.5915853977
17.67000008,0.591293633
17.77000046,0.5911495686
17.79999924,0.5912883282
17.92000008,0.5911855102
17.96999931,0.5913101435
18.06999969,0.5909461379
18.21999931,0.5907773376
18.27000046,0.5907339454
18.31999969,0.5906370878
18.42000008,0.5903914571
18.52000046,0.590415895
18.55999947,0.5900124907
18.67000008,0.5905305147
18.71999931,0.590141356
18.87000084,0.5899450183
18.96999931,0.5898518562
19.02000046,0.5897483826
19.06999969,0.5898231268
19.12000084,0.5896242261
19.21999931,0.5896878839
19.27000046,0.5894617438
19.37000084,0.5895113349
19.37999916,0.5896041393
19.42000008,0.5896570086
19.52000046,0.5890694261
19.56999969,0.5894056559
19.62000084,0.5893196464
19.71999931,0.5891785026
19.77000046,0.5890499949
19.87000084,0.5890445113
19.92000008,0.5892729759
19.96999931,0.5888952613
20.06999969,0.5891839862
20.17000008,0.5888596177
20.19000053,0.5888340473
20.27000046,0.588709414
20.31999969,0.5888863206
20.42000008,0.5885656476
20.46999931,0.5885450244
20.56999969,0.5885996819
20.67000008,0.5886601806
20.71999931,0.5882743597
20.77000046,0.5884180665
20.87000084,0.5882447958
20.92000008,0.5882665515
20.94000053,0.588244617
21.02000046,0.588306427
21.06999969,0.5879391432
21.12000084,0.588015914
21.21999931,0.5879744291
21.31999969,0.5878978372
21.42000008,0.5878944397
21.46999931,0.5875808001
21.56999969,0.5874825716
21.62000084,0.5876962543
21.71999931,0.58743155
21.73999977,0.5875973701
21.81999969,0.5873776674
21.87000084,0.5873211622
21.96999931,0.5872846842
22.02000046,0.5871369839
22.06999969,0.5871216059
22.12000084,0.5870315433
22.18000031,0.5871699452
22.21999931,0.5868067145
22.31999969,0.5866674781
22.37000084,0.5866467357
22.42000008,0.5866690278
22.52000046,0.5865630507
22.56999969,0.5866754651
22.71999931,0.5861794353
22.77000046,0.5861396194
22.81999969,0.5860185623
22.87000084,0.586304307
22.94000053,0.5859718323
23.02000046,0.5858454704
23.06999969,0.5858069062
23.21999931,0.5857278705
23.27000046,0.5855210423
23.37000084,0.5854900479
23.37999916,0.5854545832
23.46999931,0.585416019
23.56999969,0.5855180025
23.62000084,0.5851199031
23.71999931,0.5850291848
23.73999977,0.5852353573
23.81999969,0.584567368
23.87000084,0.5847110748
23.92000008,0.5844801664
24.02000046,0.5844509602
24.06999969,0.5844346881
24.12000084,0.5843060017
24.15999985,0.5842558742
24.27000046,0.5841006041
24.31999969,0.5839937329
24.37000084,0.5839249492
24.42000008,0.5837900639
24.46999931,0.5837251544
24.52000046,0.5837299228
24.56999969,0.5838049054
24.67000008,0.5836279988
24.71999931,0.5835279226
24.77000046,0.5834931731
24.87000084,0.5834435225
24.92000008,0.5835668445
25.02000046,0.5833633542
25.12000084,0.5832228065
25.21999931,0.5835466981
25.31999969,0.5837795734
25.37000084,0.5839377046
25.42000008,0.5838748813
25.52000046,0.5838271976
25.56999969,0.5841795802
25.67000008,0.5844798684
25.70999908,0.5845922828
25.77000046,0.5848143697
25.87000084,0.5847619772
25.92000008,0.5852439404
25.96999931,0.5853467584
26.02000046,0.5857794285
26.09000015,0.5861349106
26.17000008,0.5863152742
26.21999931,0.5865936279
26.27000046,0.5870605111
26.31999969,0.5872112513
26.37000084,0.5876328349
26.46999931,0.5882841945
26.5,0.588344872
26.56999969,0.5887839198
26.62000084,0.5891857743
26.67000008,0.5897566676
26.77000046,0.5901453495
26.87000084,0.5906392336
26.92000008,0.5914671421
27.02000046,0.5918567181
27.12000084,0.5929342508
27.21999931,0.5933497548
27.31999969,0.5937949419
27.37000084,0.5946814418
27.42000008,0.5954657197
27.52000046,0.5956431031
27.56999969,0.5965130329
27.67000008,0.5972842574
27.68000031,0.5976938009
27.77000046,0.5982517004
27.81999969,0.5985927582
27.87000084,0.5992150903
27.96999931,0.6000167131
28.02000046,0.6002810597
28.06999969,0.6009712815
28.12000084,0.6014640331
28.21999931,0.6020689011
28.27000046,0.6026786566
28.37000084,0.6034260392
28.42000008,0.6044429541
28.47999954,0.6051990986
28.56999969,0.6058346629
28.62000084,0.6062674522
28.71999931,0.6070973873
28.77000046,0.608430624
28.84000015,0.6088489294
28.92000008,0.6095995903
28.96999931,0.6102067828
29.06999969,0.611205101
29.12000084,0.6124678254
29.17000008,0.61308676
29.27000046,0.6134060025
29.37000084,0.6145740151
29.46999931,0.6158719659
29.52000046,0.6165597439
29.67000008,0.6180861592
29.77000046,0.620205164
29.87000084,0.6206009984
29.92000008,0.6222062707
29.96999931,0.622772634
