7.420000076,0.5328233242
7.519999981,0.5328053832
7.570000172,0.5324943066
7.679999828,0.5325651169
7.769999981,0.5323008299
7.820000172,0.5324032903
7.920000076,0.5324514508
7.96999979,0.5320520997
8.020000458,0.5319114923
8.069999695,0.5320196152
8.170000076,0.5320089459
8.270000458,0.5317023993
8.369999886,0.5313185453
8.420000076,0.531349957
8.479999542,0.5314083695
8.569999695,0.5312719345
8.619999886,0.5314307809
8.720000267,0.5312764645
8.770000458,0.5311629772
8.819999695,0.5312552452
8.869999886,0.5310414433
8.920000076,0.5310721397
8.970000267,0.5309587121
9.069999695,0.5308795571
9.119999886,0.5308815837
9.170000076,0.5307458043
9.220000267,0.5307568312
9.279999733,0.5308918357
9.319999695,0.5305736661
9.470000267,0.5304393768
9.520000458,0.5305583477
9.569999695,0.5303947926
9.619999886,0.5302843451
9.670000076,0.530251801
9.770000458,0.5300899744
9.819999695,0.5301869512
9.869999886,0.5301129222
9.970000267,0.5302212834
10,0.5301742554
10.06999969,0.5301870108
10.11999989,0.5298382044
10.17000008,0.529843986
10.27000046,0.5299155116
10.31999969,0.5298528671
10.36999989,0.529984355
10.47000027,0.5297970176
10.52000046,0.5297760367
10.61999989,0.529830277
10.72000027,0.5296302438
10.77000046,0.5296810865
10.81999969,0.5296285152
10.86999989,0.529499948
10.97000027,0.5295814276
11.02000046,0.5296188593
11.11999989,0.5295960307
11.17000008,0.5296016335
11.22000027,0.529383719
11.27000046,0.5294142962
11.31999969,0.5293092132
11.36999989,0.5293641686
11.42000008,0.5294525623
11.47000027,0.5292018056
11.56999969,0.5294438601
11.60999966,0.5292509198
11.67000008,0.5292943716
11.77000046,0.5291925669
11.86999989,0.5292505026
11.97000027,0.5290898681
12.02000046,0.5293995142
12.03999996,0.5291987062
12.11999989,0.5292457342
12.17000008,0.5291101933
12.22000027,0.5289148092
12.27000046,0.5291532874
12.31999969,0.5287461281
12.42000008,0.529070735
12.44999981,0.5288118124
12.52000046,0.5288169384
12.56999969,0.5288394094
12.61999989,0.5286778212
12.72000027,0.5289019942
12.81999969,0.528937459
12.97000027,0.5285813212
13.02000046,0.528750658
13.11999989,0.5287269354
13.17000008,0.52876091
13.27000046,0.5285047889
13.31999969,0.5284631252
13.36999989,0.528605938
13.47000027,0.5286063552
13.52000046,0.5285220742
13.56999969,0.5285981297
13.59000015,0.5283735394
13.67000008,0.5286442637
13.72000027,0.5284264088
13.81999969,0.5283437967
13.92000008,0.5284552574
13.96000004,0.5285163522
14.02000046,0.5284693241
14.06999969,0.5283775926
14.11999989,0.5282076001
14.17000008,0.5283505917
14.27000046,0.5282925367
14.31999969,0.5284001231
14.36999989,0.528406024
14.42000008,0.5284696817
14.52000046,0.5283060074
14.67000008,0.5283386707
14.72999954,0.5283336043
14.81999969,0.5281364918
14.86999989,0.5283616185
14.92000008,0.5283644795
15.02000046,0.5282102823
15.06999969,0.5284345746
15.11999989,0.528160274
15.14999962,0.5281013846
15.22000027,0.5283803344
15.31999969,0.5281507969
15.36999989,0.528131783
15.42000008,0.5281751752
15.5,0.5281482935
15.56999969,0.5280629396
15.67000008,0.5280467868
15.72000027,0.5281836987
15.81999969,0.5281341672
15.86999989,0.5283247232
15.89999962,0.5281205773
16.02000046,0.5282598734
16.06999969,0.5282128453
16.17000008,0.5281020403
16.27000046,0.5278861523
16.37000084,0.5279489756
16.42000008,0.527929306
16.52000046,0.5280408859
16.56999969,0.5281917453
16.67000008,0.5278217793
16.70000076,0.5278887749
16.76000023,0.5278923512
16.81999969,0.5281077027
16.92000008,0.5279779434
17.02000046,0.5279345512
17.06999969,0.5279021263
17.17000008,0.5280304551
17.21999931,0.5282034874
17.27000046,0.5280324221
17.31999969,0.5279117823
17.42000008,0.5282506943
17.52000046,0.5281404257
17.56999969,0.5278564692
17.67000008,0.5279604793
17.71999931,0.5278182626
17.81999969,0.5279730558
17.92000008,0.5279907584
17.96999931,0.5280535817
18.02000046,0.5279707909
18.12000084,0.5279107094
18.17000008,0.5281447768
18.21999931,0.5277557969
18.27000046,0.5278320909
18.30999947,0.527872324
18.37000084,0.5280796885
18.52000046,0.5278651118
18.62000084,0.5278458595
18.67000008,0.5280471444
18.70000076,0.5280125737
18.77000046,0.5278376937
18.87000084,0.5281020403
18.92000008,0.5279387832
19.02000046,0.5276702046
19.06999969,0.527844727
19.12000084,0.5276473761
19.17000008,0.5277558565
19.21999931,0.5278547406
19.31999969,0.5278690457
19.37000084,0.5278910398
19.42000008,0.5279542804
19.46999931,0.5277960896
19.56999969,0.5276691914
19.62000084,0.5279253125
19.67000008,0.5276765823
19.77000046,0.5279065967
19.81999969,0.527828455
19.87000084,0.5276941657
20.02000046,0.527725935
20.06999969,0.527878046
20.12000084,0.527931571
20.17000008,0.5277293921
20.21999931,0.5278023481
20.31999969,0.5279371142
20.37000084,0.5276724696
20.42000008,0.527723074
20.52000046,0.5279319882
20.56999969,0.5276707411
20.62000084,0.5278069377
20.71999931,0.5281828642
20.77000046,0.5277473927
20.81999969,0.5278747678
20.87000084,0.5278841257
20.92000008,0.5280596018
21.02000046,0.5277077556
21.09000015,0.5279371142
21.17000008,0.5279314518
21.21999931,0.5282223821
21.27000046,0.5279805064
21.37000084,0.527888298
21.42000008,0.5280804038
21.52000046,0.5277237296
21.56999969,0.527974546
21.62000084,0.5279572606
21.67000008,0.5280861259
21.77000046,0.5280529857
21.87000084,0.5280404687
21.87999916,0.5280898809
21.96999931,0.5280892253
22.02000046,0.5283322334
22.12000084,0.5280693173
22.21999931,0.5282560587
22.27000046,0.528161943
22.37000084,0.5278651118
22.46999931,0.5281935334
22.52000046,0.5283523202
22.63999939,0.5285896063
22.71999931,0.5287151337
22.77000046,0.5286625028
22.87000084,0.5286414027
22.96999931,0.5284605026
23,0.5286682844
23.02000046,0.5287804604
23.12000084,0.5289921165
23.17000008,0.5288404226
23.21999931,0.5288922191
23.31999969,0.5290195942
23.37000084,0.5289845467
23.40999985,0.5289325714
23.46999931,0.5290488601
23.56999969,0.5291761756
23.62000084,0.5291444659
23.71999931,0.5293053985
23.77000046,0.5295149088
23.81999969,0.5296096206
23.87000084,0.5297494531
23.96999931,0.5294290781
24.06999969,0.5297181606
24.12000084,0.5299255848
24.20000076,0.5299757719
