28.62000084,0.5820326209
28.46999931,0.583029151
28.37000084,0.583268702
28.21999931,0.5839216113
28.17000008,0.5841328502
28.12000084,0.5843830109
28.02000046,0.5846985579
27.96999931,0.5859652758
27.87000084,0.5860468745
27.77000046,0.5868220925
27.72999954,0.58684057
27.67000008,0.5873359442
27.62000084,0.5872346163
27.56999969,0.5875781178
27.46999931,0.5877477527
27.42000008,0.5880954266
27.34000015,0.5881114602
27.27000046,0.5883181691
27.21999931,0.5884504318
27.12000084,0.5885094404
27.06999969,0.5887078643
27.02000046,0.5889719129
26.95000076,0.588802278
26.89999962,0.5891653895
26.81999969,0.5892153382
26.71999931,0.5890592933
26.62000084,0.5893909931
26.56999969,0.5892766714
26.52000046,0.5896937847
26.46999931,0.5893951654
26.42000008,0.5894651413
26.37000084,0.5895466208
26.27000046,0.589697659
26.21999931,0.5896731019
26.12000084,0.5894596577
26.06999969,0.5895756483
26.02000046,0.5897936225
25.92000008,0.5895626545
25.81999969,0.5899242759
25.77000046,0.5896282196
25.71999931,0.5898223519
25.62000084,0.589599371
25.56999969,0.5899510384
25.52000046,0.5896347165
25.46999931,0.5898644328
25.42000008,0.5895745754
25.37999916,0.5898937583
25.31999969,0.589584887
25.27000046,0.58960253
25.17000008,0.5897631645
25.12000084,0.5893446207
25.06999969,0.5897473693
25.02000046,0.5894403458
24.94000053,0.5896598697
24.92000008,0.5896696448
24.81999969,0.5894846916
24.77000046,0.5893101692
24.67000008,0.5893521309
24.56999969,0.5894331932
24.52000046,0.589201808
24.42000008,0.5893986821
24.37000084,0.5894294381
24.31999969,0.5893426538
24.27000046,0.5891206861
24.21999931,0.5890490413
24.17000008,0.5890904069
24.06999969,0.5888559818
24.02000046,0.5889943838
23.96999931,0.5889843702
23.92000008,0.5886557698
23.87000084,0.5885716677
23.77000046,0.5885617137
23.76000023,0.5888703465
23.67000008,0.5885443687
23.62000084,0.5882520676
23.56999969,0.5883213878
23.46999931,0.5881866217
23.42000008,0.5881782174
23.37000084,0.588182807
23.27000046,0.5878250599
23.17000008,0.5878549218
23.12000084,0.587937355
23.06999969,0.5877882838
23.02000046,0.5875637531
22.96999931,0.587611258
22.87000084,0.5875829458
22.77000046,0.5873875618
22.67000008,0.5873941779
22.62000084,0.5871868134
22.56999969,0.5873820186
22.53000069,0.586925447
22.46999931,0.5868088603
22.42000008,0.5869523287
22.37000084,0.5870807767
22.27000046,0.5868381858
22.21999931,0.5868737102
22.18000031,0.5866433382
22.12000084,0.5867797732
22.06999969,0.5863937736
21.96999931,0.5865566134
21.92000008,0.5863412619
21.87000084,0.5865463018
21.77000046,0.586242795
21.62000084,0.5861852765
21.56999969,0.5861515999
21.46999931,0.585748136
21.42000008,0.5859827399
21.31999969,0.5857696533
21.21999931,0.5855335593
21.12000084,0.5853483081
21.02000046,0.5853080153
20.98999977,0.5853813291
20.92000008,0.5852606893
20.87000084,0.5854219794
20.77000046,0.5851491094
20.71999931,0.5853091478
20.62000084,0.5850168467
20.56999969,0.5848324895
20.52000046,0.584800005
20.46999931,0.5848133564
20.37000084,0.585060358
20.31999969,0.5848048329
20.27000046,0.5847792029
20.17000008,0.5845661163
20.12000084,0.5845879912
20.06999969,0.5846425891
19.96999931,0.584525764
19.92000008,0.5840896368
19.81999969,0.5844077468
19.79999924,0.5842410326
19.77000046,0.5840468407
19.67000008,0.5842286944
19.56999969,0.5840314031
19.46999931,0.5839286447
19.42000008,0.5838846564
19.37000084,0.5837235451
19.27000046,0.5836569071
19.12000084,0.5834149122
19.06999969,0.5835709572
19.05999947,0.5834823847
18.96999931,0.5833660364
18.92000008,0.5833363533
18.81999969,0.5832591653
18.77000046,0.583120048
18.67000008,0.5831528306
18.63999939,0.5829153061
18.56999969,0.58295542
18.52000046,0.5827331543
18.46999931,0.582716465
18.37000084,0.5825558305
18.27000046,0.5825051069
18.21999931,0.5825703144
18.17000008,0.5822650194
18.06999969,0.5821911097
17.96999931,0.5820201039
17.87000084,0.5818399787
17.81999969,0.582064271
17.79999924,0.5817052722
17.71999931,0.5814603567
17.62000084,0.5818343163
17.56999969,0.5817436576
17.52000046,0.5816435814
17.42000008,0.581469655
17.31999969,0.5811936259
17.27000046,0.5810749531
17.17000008,0.5811011195
17.12000084,0.580953002
17.06999969,0.5807276368
17.03000069,0.5808143616
16.96999931,0.5805917382
16.92000008,0.5805239081
16.81999969,0.5804464221
16.77000046,0.5803064704
16.67000008,0.5800402164
16.62000084,0.5802209377
16.56999969,0.5801771879
16.52000046,0.5797557235
16.46999931,0.5796995163
16.42000008,0.5794176459
16.31999969,0.5793913603
16.27000046,0.5791931152
16.12000084,0.5791752934
16.02000046,0.5789605975
15.97000027,0.5787686706
15.92000008,0.5788357854
15.88000011,0.5785387754
15.81999969,0.5784702301
15.77000046,0.578346014
15.67000008,0.578284502
15.61999989,0.5784697533
15.56999969,0.5780671835
15.52000046,0.5778527856
15.46000004,0.5778741837
15.36999989,0.5776571631
15.27000046,0.5774198771
15.22000027,0.5770157576
15.11999989,0.5770873427
15.06999969,0.5769048929
14.97000027,0.5766287446
14.92000008,0.5762901902
14.81999969,0.5763993859
14.72000027,0.5758382678
14.68000031,0.575565815
14.61999989,0.5755834579
14.52000046,0.5754902363
14.47000027,0.5751766562
14.42000008,0.5749823451
14.31999969,0.5748018026
14.27000046,0.5747303367
14.17000008,0.5745253563
14.11999989,0.5742444396
14.06999969,0.5740282536
14.02000046,0.5739183426
13.97000027,0.5735695362
13.86999989,0.5734362006
13.81999969,0.573391974
13.77000046,0.5732691884
13.67000008,0.5731402636
13.56999969,0.5726661086
13.52000046,0.5725417733
13.47000027,0.5719282031
13.42000008,0.5719468594
13.36999989,0.5718902349
13.27000046,0.571598351
13.17000008,0.5709719658
13.11999989,0.5712147951
13.06999969,0.5707809329
13.06000042,0.5706535578
13.02000046,0.5706313848
12.92000008,0.5701236725
12.81999969,0.569942832
12.72000027,0.5695419908
12.69999981,0.5690553784
12.61999989,0.5692179799
12.56999969,0.5688629746
12.52000046,0.5686208606
12.47000027,0.5683400631
12.36999989,0.5679451823
12.28999996,0.5677149892
12.17000008,0.5672427416
12.06999969,0.5667978525
12.02000046,0.566308558
11.97000027,0.5662081838
11.92000008,0.5660736561
11.88000011,0.565699935
11.81999969,0.5654740334
11.72000027,0.5653064847
11.67000008,0.5650169849
