34.47000122,0.5943935513
34.27000046,0.5949652195
34.06999969,0.5957835913
33.97000122,0.5958965421
33.91999817,0.5964449048
33.86999893,0.5973803401
33.81999969,0.5973885655
33.77000046,0.5979079604
33.75,0.5981267095
33.66999817,0.5981506109
33.61999893,0.5986081362
33.52000046,0.5987840295
33.47000122,0.5988009572
33.41999817,0.5990062952
33.36999893,0.5989179015
33.33000183,0.5991976857
33.31999969,0.599147737
33.22000122,0.5995550156
33.16999817,0.5993315578
33.11999893,0.5996037126
33.02000046,0.5998712182
32.97000122,0.5995369554
32.95999908,0.5999680758
32.86999893,0.5997183323
32.81999969,0.6000995636
32.77000046,0.5999518633
32.72000122,0.5996156335
32.66999817,0.5998651981
32.61999893,0.6000571847
32.56999969,0.6000079513
32.52000046,0.6001829505
32.41999817,0.5997743607
32.36999893,0.6004549265
32.31999969,0.6000365019
32.27000046,0.6002580523
32.22000122,0.6001024842
32.11999893,0.5998224616
32.02000046,0.5999557972
31.96999931,0.59990412
31.92000008,0.5999010801
31.81999969,0.5998709202
31.77000046,0.5998288989
31.67000008,0.5999232531
31.56999969,0.5998545885
31.52000046,0.6000487208
31.42000008,0.5998294353
31.39999962,0.5995143652
31.37000084,0.5997879505
31.27000046,0.59959203
31.21999931,0.5994459987
31.17000008,0.5996704102
31.12000084,0.599636972
31.02000046,0.5999202728
30.92000008,0.5994163156
30.81999969,0.5995050073
30.71999931,0.5994641781
30.62000084,0.5993939042
30.56999969,0.5992829204
30.52000046,0.5993285775
30.42000008,0.5992701054
30.31999969,0.5992541909
30.27000046,0.5990865231
30.17000008,0.5992243886
30.15999985,0.5990518928
30.06999969,0.5988945365
30.02000046,0.5986730456
29.96999931,0.5989499092
29.87000084,0.5987378955
29.81999969,0.5988154411
29.76000023,0.5987283587
29.71999931,0.5983746052
29.62000084,0.5984517932
29.56999969,0.5985052586
29.52000046,0.598439157
29.42000008,0.5983645916
29.37000084,0.5982509255
29.31999969,0.5983995795
29.21999931,0.5981989503
29.12000084,0.5980585217
29.02000046,0.5979779959
28.96999931,0.5982006192
28.92000008,0.5976474881
28.81999969,0.5977901816
28.77000046,0.5976208448
28.67000008,0.5977873206
28.62000084,0.5974500179
28.56999969,0.5975359082
28.46999931,0.5975506306
28.42000008,0.597053647
28.37000084,0.5972376466
28.27000046,0.5970015526
28.21999931,0.5970431566
28.17000008,0.5969461203
28.12000084,0.5968406796
28.06999969,0.5971087813
28.02000046,0.5969588757
27.96999931,0.5969156623
27.87000084,0.5968711972
27.78000069,0.5965524912
27.71999931,0.5965855718
27.62000084,0.596785903
27.52000046,0.5964806676
27.46999931,0.5964541435
27.37000084,0.5961227417
27.31999969,0.5960644484
27.27000046,0.5959650874
27.17000008,0.5958580971
27.12000084,0.5960514545
27.02000046,0.5960104465
26.97999954,0.5957950354
26.96999931,0.5955518484
26.87000084,0.5957894325
26.77000046,0.5955525041
26.67000008,0.5955992937
26.62000084,0.5956261158
26.56999969,0.5953305364
26.46999931,0.5953257084
26.42000008,0.595275104
26.31999969,0.5955010056
26.27000046,0.5952515006
26.20999908,0.5948424935
26.17000008,0.5952234268
26.06999969,0.5949044228
25.96999931,0.5949190259
25.87000084,0.5950369239
25.81999969,0.5947494507
25.79999924,0.5946840048
25.71999931,0.5946066976
25.62000084,0.5943184495
25.52000046,0.5944573283
25.47999954,0.5942895412
25.37000084,0.5942579508
25.31999969,0.5941195488
25.21999931,0.5941738486
25.17000008,0.593963623
25.06999969,0.5938072205
25.05999947,0.5936194062
25.02000046,0.593580246
24.92000008,0.5935815573
24.81999969,0.5934405327
24.77000046,0.5931609869
24.71999931,0.5931240916
24.63999939,0.5930256844
24.52000046,0.592834115
24.42000008,0.5924916267
24.37000084,0.5926147699
24.31999969,0.5924149156
24.21999931,0.5922777653
24.17000008,0.5921871066
24.12000084,0.5919701457
24.06999969,0.5920320749
23.96999931,0.5917173624
23.92000008,0.5915485024
23.84000015,0.5910725594
23.71999931,0.5911261439
23.67000008,0.5910288692
23.62000084,0.5904331803
23.56999969,0.590487659
23.46999931,0.5903692842
23.45999908,0.5900764465
23.37000084,0.5899615288
23.31999969,0.589840889
23.27000046,0.5896425843
23.21999931,0.5891349316
23.12000084,0.5890267491
23.06999969,0.5888112187
23.02000046,0.5886871219
22.96999931,0.5884527564
22.92000008,0.5882273316
22.81999969,0.5879189372
22.77000046,0.5874161124
22.71999931,0.5875906348
22.67000008,0.5872240067
22.56999969,0.5871039629
22.46999931,0.586628437
22.42000008,0.585935533
22.37000084,0.5856124759
22.27000046,0.585111022
22.17000008,0.585011065
22.06999969,0.5842667818
22.02000046,0.5842178464
21.96999931,0.5836884379
21.92000008,0.5836043358
21.88999939,0.5833351612
21.81999969,0.5827372074
21.71999931,0.5825000405
21.67000008,0.5824599862
21.56999969,0.5816780329
21.52000046,0.5812712908
21.46999931,0.5805101395
21.37000084,0.5807973742
21.31999969,0.5803017616
21.21999931,0.5793454647
21.12000084,0.5787889957
21.06999969,0.5784753561
21.04999924,0.5782473683
20.96999931,0.5777438283
20.92000008,0.5774627924
20.87000084,0.5771071911
20.81999969,0.5769737363
20.71999931,0.5764670372
20.67000008,0.5761373043
20.56999969,0.5756673813
20.52000046,0.57489568
20.46999931,0.5744294524
20.42000008,0.573953867
20.37000084,0.5734527111
20.29000092,0.5729964972
20.21999931,0.5727371573
20.17000008,0.5722114444
20.12000084,0.5718140006
20.02000046,0.5712782741
19.92000008,0.5703120232
19.87999916,0.5698246956
19.81999969,0.5695295334
19.71999931,0.5691976547
19.67000008,0.5683647394
19.62000084,0.5683348775
19.56999969,0.5674865246
19.46999931,0.5670533776
19.42000008,0.5666971803
19.27000046,0.565839231
19.17000008,0.5646715164
19.13999939,0.5641210675
19.07999992,0.5637421012
19.02000046,0.5634688139
18.92000008,0.5627055764
18.81999969,0.5618824959
18.77000046,0.5613886118
18.71999931,0.5607001185
18.67000008,0.5604203939
18.56999969,0.5599039197
18.52000046,0.5594882965
18.46999931,0.5588745475
18.37000084,0.5582835078
18.27000046,0.557513833
18.21999931,0.5568492413
18.17000008,0.5563327074
18.12000084,0.5559828281
