16.71999931,0.5367054939
16.81999969,0.5363732576
16.92000008,0.5362276435
17.02000046,0.5358383656
17.06999969,0.5353759527
17.12000084,0.5350176692
17.17000008,0.5345115662
17.21999931,0.5343407393
17.23999977,0.5338757038
17.31999969,0.5340178609
17.37000084,0.5338095427
17.42000008,0.5333317518
17.46999931,0.5329615474
17.52000046,0.5327044129
17.62000084,0.5325817466
17.63999939,0.5323839188
17.71999931,0.5319678783
17.81999969,0.5316461325
17.87000084,0.5316643119
17.96999931,0.5312661529
18.02000046,0.5310926437
18.03000069,0.5307453871
18.12000084,0.5308992863
18.17000008,0.5306349397
18.27000046,0.5303016901
18.31999969,0.5299938321
18.42000008,0.5297464132
18.52000046,0.5297045708
18.62000084,0.5292695165
18.67000008,0.5292006731
18.71999931,0.5292716622
18.79999924,0.5287962556
18.87000084,0.5286912322
18.92000008,0.5284882188
19.02000046,0.5285282731
19.06999969,0.5283904672
19.21999931,0.5282102227
19.27000046,0.527775228
19.37000084,0.5277277231
19.42000008,0.5275791883
19.46999931,0.52797997
19.52000046,0.5276300907
19.62000084,0.5274530053
19.62999916,0.5272139907
19.71999931,0.5271032453
19.81999969,0.5272539258
19.87000084,0.5269420743
19.96999931,0.5268774629
20.01000023,0.5269358158
20.06999969,0.5267434716
20.17000008,0.5265092254
20.27000046,0.526268065
20.31999969,0.5265403986
20.42000008,0.5265401006
20.52000046,0.5262049437
20.56999969,0.5259559155
20.62000084,0.5260121822
20.67000008,0.5258785486
20.77000046,0.5257300735
20.78000069,0.5259062052
20.87000084,0.5257099271
20.92000008,0.5256704092
20.96999931,0.5255938768
21.06999969,0.5256251097
21.12000084,0.5255238414
21.17000008,0.5255027413
21.20000076,0.5250794888
21.27000046,0.525554359
21.37000084,0.5252844691
21.46999931,0.5252887607
21.56999969,0.5250511765
21.62000084,0.525152564
21.71999931,0.5249215961
21.77000046,0.5251591802
21.87000084,0.5246552229
21.92000008,0.5249273181
21.96999931,0.5246701241
22.06999969,0.5249553919
22.12000084,0.5246136785
22.17000008,0.5245007873
22.27000046,0.5242169499
22.31999969,0.5247980356
22.37000084,0.5243782401
22.39999962,0.5243056417
22.46999931,0.52432096
22.56999969,0.523989737
22.62000084,0.5241219401
22.71999931,0.5242083669
22.76000023,0.5239289403
22.81999969,0.5240280032
22.87000084,0.524161756
22.92000008,0.5240802169
23.02000046,0.5238977075
23.12000084,0.5235685706
23.17000008,0.5238903165
23.27000046,0.5239675641
23.37000084,0.5233827829
23.42000008,0.5234075189
23.52000046,0.5232765675
23.56999969,0.5236536264
23.61000061,0.5235548019
23.71999931,0.5232821703
23.77000046,0.5230526328
23.81999969,0.5233466625
23.92000008,0.5235015154
23.95999908,0.5229908824
24.06999969,0.5230112076
24.12000084,0.5230852962
24.17000008,0.5227416158
24.21999931,0.5227026343
24.27000046,0.522880733
24.31999969,0.5226213336
24.37000084,0.5228307247
24.46999931,0.5228331089
24.52000046,0.5227905512
24.62000084,0.5228227973
24.67000008,0.5226744413
24.68000031,0.5224023461
24.73999977,0.5224623084
24.81999969,0.5222041011
24.87000084,0.5224059224
24.96999931,0.5222250819
25.02000046,0.5221846104
25.10000038,0.522259593
25.17000008,0.5219590664
25.31999969,0.5219368935
25.42000008,0.5220172405
25.46999931,0.5216181278
25.51000023,0.5215764046
25.56999969,0.5214471221
25.67000008,0.5216907859
25.71999931,0.5211907029
25.81999969,0.5211681128
25.87000084,0.5215353966
25.96999931,0.5212688446
26.02000046,0.5212095976
26.06999969,0.5210091472
26.12000084,0.520940125
26.21999931,0.5212025642
26.27000046,0.5210757256
26.31999969,0.5206795335
26.42000008,0.5206544399
26.46999931,0.5206115246
26.56999969,0.5201805234
26.62000084,0.5203616619
26.67000008,0.5203309655
26.70999908,0.5202733874
26.77000046,0.5200891495
26.87000084,0.5203822851
26.92000008,0.5200009942
26.96999931,0.5200641155
27.02000046,0.5200213194
27.05999947,0.5199278593
27.12000084,0.5199598074
27.21999931,0.5200358033
27.31999969,0.5199297667
27.37000084,0.5200355649
27.46999931,0.5201216936
27.5,0.5200832486
27.56999969,0.5199736357
27.62000084,0.5198334455
27.67000008,0.5200092196
27.71999931,0.5198249817
27.77000046,0.5200463533
27.81999969,0.5197800994
27.90999985,0.520164907
27.96999931,0.5200872421
28.02000046,0.5199727416
28.12000084,0.520352602
28.17000008,0.5204282403
28.21999931,0.5207839608
28.28000069,0.5205884576
28.37000084,0.5207266212
28.42000008,0.5212311745
28.46999931,0.5212792754
28.52000046,0.5212509036
28.56999969,0.5213208199
28.67000008,0.5217279196
28.68000031,0.5221343637
28.77000046,0.5222552419
28.87000084,0.5222140551
28.92000008,0.5224352479
29.02000046,0.5234571099
29.04999924,0.5235607624
29.12000084,0.5238962173
29.17000008,0.5241789222
29.27000046,0.5245344639
29.31999969,0.5249295235
29.37000084,0.5251633525
29.42000008,0.5252538919
29.47999954,0.525834918
29.56999969,0.5265276432
29.62000084,0.5264003277
29.67000008,0.5268512964
29.71999931,0.5271920562
29.77000046,0.5277349949
29.87000084,0.5281358957
29.92000008,0.5284723043
29.96999931,0.5284922719
30.02000046,0.529042542
30.12000084,0.5293918848
30.17000008,0.5297135115
30.19000053,0.5304037333
30.25,0.5306543708
30.31999969,0.5310214162
30.37000084,0.5314868093
30.46999931,0.5319517255
30.56999969,0.5325829387
30.67000008,0.5333300233
30.71999931,0.5335837007
30.77000046,0.5342672467
30.81999969,0.534763813
30.87000084,0.5350065231
30.92000008,0.5355293155
30.96999931,0.5360384583
31.06999969,0.5367408395
31.17000008,0.5375259519
31.21999931,0.538118124
31.31999969,0.5387177467
31.37000084,0.5388863087
31.44000053,0.5400824547
31.52000046,0.5408311486
31.56999969,0.5412469506
31.67000008,0.5419461131
31.77000046,0.5432362556
31.81999969,0.5438355803
31.92000008,0.5443783402
31.96999931,0.5449069142
32.02000046,0.5453023911
32.06999969,0.5460685492
32.16999817,0.5468795896
32.18999863,0.5474384427
32.22000122,0.5473125577
32.31999969,0.548684597
32.36999893,0.5493857265
32.52000046,0.550304234
32.56999969,0.5510523319
32.61999893,0.5517995954
32.66999817,0.552531004
