32.22000122,0.677354157
32.11999893,0.6776480079
31.96999931,0.677842021
31.92000008,0.6778886914
31.81999969,0.6779359579
31.77000046,0.6781316996
31.71999931,0.6782402992
31.62000084,0.6782549024
31.55999947,0.6781823635
31.46999931,0.6785629988
31.37000084,0.6781175733
31.27000046,0.6781542897
31.21999931,0.6783183217
31.12000084,0.6782068014
31.02000046,0.6780610085
30.96999931,0.6779592633
30.81999969,0.6778307557
30.77000046,0.6777982712
30.72999954,0.6778358817
30.62000084,0.6777153611
30.46999931,0.677727282
30.42000008,0.6774491668
30.38999939,0.6775268912
30.31999969,0.6770601273
30.27000046,0.6773874164
30.17000008,0.6770355701
30.12000084,0.6768636107
30.02000046,0.6769480109
30,0.6768045425
29.92000008,0.6766626239
29.81999969,0.6767419577
29.77000046,0.6768170595
29.67000008,0.67652601
29.62000084,0.6764441729
29.56999969,0.6763156056
29.54000092,0.6762331724
29.46999931,0.6761769056
29.37000084,0.676071167
29.31999969,0.6760594845
29.23999977,0.6758816838
29.19000053,0.6759641767
29.17000008,0.6757703424
29.02000046,0.6758197546
28.96999931,0.6756839156
28.87000084,0.6758561134
28.81999969,0.6755378842
28.71999931,0.6752552986
28.67000008,0.6748438478
28.56999969,0.6749908924
28.46999931,0.6753031611
28.39999962,0.6750934124
28.31999969,0.6746302843
28.27000046,0.6748422384
28.21999931,0.6747334003
28.17000008,0.6744832993
28.06999969,0.6742554307
28.02000046,0.6740912199
27.95999908,0.6741016507
27.87000084,0.6741449833
27.81999969,0.6741338372
27.71999931,0.6742948294
27.62000084,0.6739891768
27.56999969,0.6736930013
27.52000046,0.6736488938
27.42000008,0.6735283136
27.37000084,0.6733455658
27.31999969,0.6733308434
27.21999931,0.6731435657
27.20000076,0.6733624935
27.12000084,0.6731197238
27.02000046,0.6731372476
26.96999931,0.6729647517
26.92000008,0.6728957891
26.81999969,0.6728582382
26.77000046,0.6727589369
26.71999931,0.6725946665
26.67000008,0.6723284125
26.56999969,0.672470808
26.52000046,0.6722866297
26.46999931,0.6722571254
26.37000084,0.6723849177
26.36000061,0.6720616817
26.27000046,0.6722280979
26.21999931,0.6716991067
26.17000008,0.6719038486
26.12000084,0.6717194915
26.02000046,0.6715578437
25.96999931,0.6718714237
25.92000008,0.6715123057
25.87000084,0.6715992689
25.81999969,0.671464324
25.77000046,0.6712908149
25.67000008,0.6711937189
25.62000084,0.6709989309
25.52000046,0.6710885763
25.42000008,0.671043396
25.37000084,0.6710709333
25.31999969,0.6710762382
25.21999931,0.6708917618
25.17000008,0.670250237
25.06999969,0.6703843474
24.96999931,0.670420289
24.92000008,0.6703177691
24.86000061,0.6702709794
24.81999969,0.6701740026
24.77000046,0.6699813604
24.67000008,0.6699560285
24.62000084,0.6696841121
24.52000046,0.6697204709
24.46999931,0.6695988178
24.42000008,0.6696943045
24.37000084,0.669554472
24.27000046,0.6693872213
24.21999931,0.6694280505
24.12000084,0.6691837311
24.07999992,0.6693893075
24.02000046,0.6690667868
23.92000008,0.669133842
23.87000084,0.6689249277
23.81999969,0.6690410972
23.77000046,0.6690605283
23.67000008,0.6686080694
23.56999969,0.6689537168
23.42000008,0.6683918834
23.37000084,0.668294847
23.31999969,0.66838938
23.27000046,0.6681744456
23.21999931,0.6680313945
23.17000008,0.6680165529
23.06999969,0.6678880453
22.96999931,0.6678628922
22.92000008,0.6678695679
22.87000084,0.6674188972
22.81999969,0.6674858332
22.77000046,0.6674817204
22.67000008,0.6673249602
22.56999969,0.6672189832
22.46999931,0.6669104695
22.45999908,0.6668204665
22.37000084,0.6668052077
22.31999969,0.6667605042
22.27000046,0.6664459705
22.21999931,0.6665571332
22.12000084,0.6667255163
22.06999969,0.6664931178
22.02000046,0.6662362814
21.96999931,0.6663844585
21.92000008,0.6660507917
21.77000046,0.6659712195
21.71999931,0.6659049988
21.65999985,0.6657367945
21.62000084,0.6654188037
21.56999969,0.6654777527
21.46999931,0.6658430696
21.42000008,0.6654074192
21.37000084,0.6653351784
21.31999969,0.6651075482
21.29000092,0.665133357
21.17000008,0.6649398804
21.12000084,0.6648459435
21.02000046,0.6645076275
20.92000008,0.6642782092
20.87000084,0.6642937064
20.81999969,0.664236486
20.77000046,0.6640893221
20.67000008,0.6633899212
20.56999969,0.6634574533
20.52000046,0.6636164784
20.46999931,0.6635251045
20.37000084,0.6626665592
20.31999969,0.662463665
20.21999931,0.6626268029
20.17000008,0.6624118686
20.12999916,0.6620638371
20.06999969,0.6620380878
19.96999931,0.661813736
19.92000008,0.6614791751
19.87000084,0.661459446
19.76000023,0.6608854532
19.67000008,0.6607385278
19.62000084,0.6606456041
19.56999969,0.6603497267
19.52000046,0.6603842974
19.46999931,0.6601144671
19.37000084,0.6596053243
19.35000038,0.6595520973
19.27000046,0.6593036652
19.17000008,0.6589840055
19.06999969,0.6584770083
19.02000046,0.6582583785
18.96999931,0.6580550075
18.92000008,0.6579514146
18.81999969,0.6575391293
18.77000046,0.6573736072
18.71999931,0.65687567
18.62000084,0.6562790275
18.52000046,0.6559599638
18.48999977,0.6557429433
18.37000084,0.6555272937
18.31999969,0.6550488472
18.27000046,0.6547589898
18.21999931,0.6544845104
18.14999962,0.6541638374
18.06999969,0.6537819505
18.02000046,0.6532874107
17.96999931,0.6532021761
17.87000084,0.6529312134
17.77000046,0.652221024
17.73999977,0.6519142985
17.67000008,0.6515387893
17.56999969,0.6510948539
17.52000046,0.6506069303
17.46999931,0.6505562663
17.37000084,0.650113523
17.29999924,0.6495274305
17.21999931,0.6489631534
17.06999969,0.6485865116
16.96999931,0.6475784779
16.92000008,0.6471328735
16.77000046,0.6462108493
16.71999931,0.645688951
16.62000084,0.6452878714
16.56999969,0.64482373
16.52000046,0.6443474889
16.46999931,0.6438667178
16.37000084,0.6434323788
16.31999969,0.6429451108
16.27000046,0.6426256299
16.21999931,0.6418682337
16.17000008,0.641884625
16.06999969,0.6413336992
16.02000046,0.6407980919
15.92000008,0.6403057575
15.86999989,0.6396179199
15.77000046,0.6391439438
