14.22000027,0.6223664284
14.36999989,0.6218361855
14.42000008,0.6213442087
14.47000027,0.6207006574
14.61999989,0.6204432845
14.68000031,0.6197032928
14.77000046,0.6191670895
14.81999969,0.6186914444
14.92000008,0.6182574034
14.97000027,0.6182383299
15.03999996,0.6172890663
15.06999969,0.6171440482
15.17000008,0.6166289449
15.22000027,0.6165469289
15.27000046,0.6160982251
15.31999969,0.6158696413
15.42000008,0.6157751679
15.43000031,0.6153770089
15.52000046,0.6153025031
15.56999969,0.6153026819
15.61999989,0.6146454215
15.67000008,0.6147909164
15.77000046,0.6144536734
15.82999992,0.614239037
15.92000008,0.6137834191
16.02000046,0.6134076118
16.06999969,0.6133548617
16.12000084,0.6130244136
16.21999931,0.6129584908
16.27000046,0.6128745675
16.31999969,0.6126250625
16.42000008,0.612161696
16.46999931,0.612285316
16.52000046,0.6120886803
16.56999969,0.6119914055
16.62000084,0.6118052602
16.71999931,0.611741364
16.77000046,0.6113046408
16.92000008,0.6113893986
16.96999931,0.6110110283
17.03000069,0.6109314561
17.06999969,0.6108421683
17.17000008,0.6106293201
17.27000046,0.6108685732
17.37000084,0.610696733
17.37999916,0.610381186
17.42000008,0.6098880768
17.52000046,0.6098334789
17.62000084,0.6102844477
17.67000008,0.6099789143
17.77000046,0.6097435951
17.79999924,0.6095081568
17.92000008,0.6096652746
17.96999931,0.6093196869
18.06999969,0.6092101932
18.21999931,0.6089271903
18.27000046,0.6091873646
18.31999969,0.6090438962
18.42000008,0.6087846756
18.52000046,0.6086360216
18.55999947,0.6088784337
18.67000008,0.6087708473
18.71999931,0.6084699631
18.87000084,0.6082958579
18.96999931,0.6083506942
19.02000046,0.6083360314
19.06999969,0.6081581712
19.12000084,0.6082391143
19.21999931,0.6078460217
19.27000046,0.6080417037
19.37000084,0.6081318855
19.37999916,0.6078730822
19.42000008,0.607575655
19.52000046,0.6077724099
19.56999969,0.607744813
19.62000084,0.6075561643
19.71999931,0.6075251102
19.77000046,0.6075572371
19.87000084,0.6075168848
19.92000008,0.6073491573
19.96999931,0.6073717475
20.06999969,0.607272625
20.17000008,0.6070418954
20.19000053,0.6071984768
20.27000046,0.6068191528
20.31999969,0.6070822477
20.42000008,0.6068695784
20.46999931,0.6070801616
20.56999969,0.6069952846
20.67000008,0.606949985
20.71999931,0.6067996025
20.77000046,0.6069370508
20.87000084,0.606351018
20.92000008,0.6065221429
20.94000053,0.6064303517
21.02000046,0.6062764525
21.06999969,0.6062323451
21.12000084,0.6064292789
21.21999931,0.6063688397
21.31999969,0.6060390472
21.42000008,0.6061579585
21.46999931,0.6057515144
21.56999969,0.6057121754
21.62000084,0.6058365107
21.71999931,0.6057517529
21.73999977,0.6056396961
21.81999969,0.60545367
21.87000084,0.6052525043
21.96999931,0.6054723859
22.02000046,0.6052113771
22.06999969,0.6050721407
22.12000084,0.6051806808
22.18000031,0.6050118208
22.21999931,0.604866147
22.31999969,0.6046428084
22.37000084,0.6047345996
22.42000008,0.6045823097
22.52000046,0.6044957638
22.56999969,0.6041267514
22.71999931,0.6043170094
22.77000046,0.6041297913
22.81999969,0.6039645076
22.87000084,0.6040984392
22.94000053,0.6038529873
23.02000046,0.6036756635
23.06999969,0.6034033298
23.21999931,0.6033999324
23.27000046,0.6031531096
23.37000084,0.6030980349
23.37999916,0.6032617688
23.46999931,0.6029174328
23.56999969,0.6029039025
23.62000084,0.6024364233
23.71999931,0.6024454236
23.73999977,0.6024255753
23.81999969,0.6021999121
23.87000084,0.602153182
23.92000008,0.6021716595
24.02000046,0.6018824577
24.06999969,0.6019308567
24.12000084,0.6012400389
24.15999985,0.6015239954
24.27000046,0.6014722586
24.31999969,0.6013865471
24.37000084,0.601236403
24.42000008,0.6012266278
24.46999931,0.6009443402
24.52000046,0.601205647
24.56999969,0.6012061238
24.67000008,0.6010001898
24.71999931,0.6008421779
24.77000046,0.6009989381
24.87000084,0.6007902026
24.92000008,0.6008524299
25.02000046,0.6008241177
25.12000084,0.6008101106
25.21999931,0.6011785865
25.31999969,0.601164639
25.37000084,0.6014381051
25.42000008,0.6019505262
25.52000046,0.6019235253
25.56999969,0.6019524336
25.67000008,0.6024976969
25.70999908,0.6026861072
25.77000046,0.6030648947
25.87000084,0.6032050848
25.92000008,0.6037746072
25.96999931,0.6040952802
26.02000046,0.6040552258
26.09000015,0.6044136286
26.17000008,0.6047896743
26.21999931,0.6053293943
26.27000046,0.6056609154
26.31999969,0.6061503291
26.37000084,0.6063646674
26.46999931,0.6067005992
26.5,0.6072741151
26.56999969,0.607857585
26.62000084,0.6081938744
26.67000008,0.6083503962
26.77000046,0.608887136
26.87000084,0.6094683409
26.92000008,0.6100788713
27.02000046,0.6104053259
27.12000084,0.6117286086
27.21999931,0.6121353507
27.31999969,0.6127693057
27.37000084,0.6136087775
27.42000008,0.6138342619
27.52000046,0.6143693328
27.56999969,0.6151282191
27.67000008,0.6156131625
27.68000031,0.6161118746
27.77000046,0.6165596843
27.81999969,0.6173521876
27.87000084,0.6177051067
27.96999931,0.6185642481
28.02000046,0.6189160943
28.06999969,0.6193749905
28.12000084,0.6198160052
28.21999931,0.6204935312
28.27000046,0.6214259863
28.37000084,0.6218202114
28.42000008,0.6226425171
28.47999954,0.6234071255
28.56999969,0.6245609522
28.62000084,0.6248668432
28.71999931,0.6253699064
28.77000046,0.6262148619
28.84000015,0.626865387
28.92000008,0.6276066899
28.96999931,0.6283322573
29.06999969,0.6288353205
29.12000084,0.6301798224
29.17000008,0.6310028434
29.27000046,0.6317344904
29.37000084,0.6322590113
29.46999931,0.6336887479
29.52000046,0.6343837976
29.67000008,0.6358344555
29.77000046,0.6374440193
29.87000084,0.6381034255
29.92000008,0.6393285394
29.96999931,0.6403657794
