34.91999817,0.6871917248
34.86999893,0.6869042516
34.81999969,0.6868671775
34.77000046,0.6870310903
34.66999817,0.6868739724
34.61999893,0.687073648
34.52000046,0.6868664026
34.50999832,0.6868208647
34.47000122,0.6865137815
34.36999893,0.6861019135
34.31999969,0.6862594485
34.27000046,0.6860613227
34.22000122,0.686091125
34.11999893,0.6860405207
34.06999969,0.6860812306
34.02000046,0.6857960224
33.91999817,0.6855002642
33.86999893,0.6856557727
33.77000046,0.6855720282
33.72000122,0.6854320168
33.66999817,0.6854191422
33.56999969,0.68523103
33.52000046,0.6850819588
33.47000122,0.6850129366
33.36999893,0.6848729849
33.31000137,0.6847512722
33.27000046,0.6844450831
33.16999817,0.6848964691
33.11999893,0.6845617294
33.02000046,0.6845315099
32.91999817,0.6844399571
32.86999893,0.6842950583
32.77000046,0.6842061281
32.66999817,0.6839031577
32.61999893,0.6838986874
32.56999969,0.6836732626
32.52999878,0.6838238239
32.47000122,0.6836448312
32.41999817,0.683690846
32.36999893,0.683584094
32.27000046,0.6834200025
32.22000122,0.6832029223
32.16999817,0.6830714941
32.13999939,0.6830636859
32.06999969,0.6829065084
31.96999931,0.6829606295
31.92000008,0.6830336452
31.77000046,0.6825217009
31.75,0.6829165816
31.67000008,0.6825967431
31.62000084,0.6825121641
31.56999969,0.6823842525
31.52000046,0.6821263433
31.42000008,0.6821632981
31.31999969,0.6819473505
31.27000046,0.6818298101
31.21999931,0.6818863153
31.06999969,0.6815570593
31.02000046,0.6814646721
30.96999931,0.6812649965
30.92000008,0.6812165976
30.87000084,0.6812776923
30.71999931,0.6810432673
30.62000084,0.6810145974
30.56999969,0.6809020638
30.52000046,0.6808191538
30.46999931,0.6808499098
30.31999969,0.6804862022
30.27000046,0.6805193424
30.21999931,0.6803528666
30.15999985,0.6802469492
30.12000084,0.6803505421
30.02000046,0.6803954244
29.96999931,0.6799690723
29.87000084,0.6797136068
29.77000046,0.6797018647
29.71999931,0.67967695
29.70999908,0.6794792414
29.62000084,0.679687798
29.56999969,0.679412365
29.52000046,0.6795375347
29.46999931,0.679179132
29.36000061,0.6792025566
29.27000046,0.6789144874
29.21999931,0.6790382862
29.12000084,0.6786518693
29.06999969,0.6787077188
29.02000046,0.678796351
28.96999931,0.6787263155
28.81999969,0.6784719229
28.71999931,0.6783142686
28.62000084,0.6782269478
28.55999947,0.6778909564
28.46999931,0.6779101491
28.37000084,0.6775069237
28.31999969,0.677452445
28.27000046,0.6777068377
28.19000053,0.6772022247
28.12000084,0.677272737
28.06999969,0.6773653626
27.96999931,0.6771425009
27.92000008,0.6774636507
27.87000084,0.6772669554
27.81999969,0.677210629
27.77000046,0.6769221425
27.71999931,0.6767424941
27.67000008,0.6766098738
27.62000084,0.6767126322
27.52000046,0.6769090295
27.46999931,0.6764922738
27.42000008,0.6764490604
27.38999939,0.6763544679
27.31999969,0.6762487888
27.27000046,0.6760690212
27.17000008,0.6761755347
27.12000084,0.6757676601
27.02000046,0.6758233905
26.96999931,0.6759471297
26.92000008,0.6758229733
26.87000084,0.6759300828
26.81999969,0.6755439043
26.77000046,0.6758673787
26.67000008,0.6754931211
26.62000084,0.6755228639
26.52000046,0.6754074693
26.46999931,0.6751556396
26.42000008,0.6753253341
26.37000084,0.675096035
26.27000046,0.6749069095
26.21999931,0.6748772264
26.17000008,0.6744728684
26.12000084,0.6746142507
26.02000046,0.6745259762
25.96999931,0.6745744348
25.92000008,0.6742933393
25.81999969,0.6744075418
25.71999931,0.6740162969
25.67000008,0.6741288304
25.56999969,0.6737352014
25.52000046,0.6739011407
25.46999931,0.6738937497
25.37000084,0.6736693978
25.34000015,0.6735785007
25.27000046,0.6732470989
25.06999969,0.6731301546
25.02000046,0.6730998755
24.92000008,0.6728953719
24.87000084,0.6728876233
24.77000046,0.6727769375
24.56999969,0.672698617
24.46999931,0.6719561815
24.37000084,0.6722323895
24.27000046,0.6723649502
24.21999931,0.6719626784
24.19000053,0.6718621254
24.06999969,0.6719271541
24.02000046,0.6717631817
23.87000084,0.6714617014
23.81999969,0.6712602377
23.71999931,0.6713488102
23.67000008,0.6711499691
23.62000084,0.6709293723
23.52000046,0.6710449457
23.46999931,0.6709818244
23.42000008,0.6707803607
23.37000084,0.6708375216
23.27000046,0.6705182195
23.17000008,0.670399189
23.12000084,0.6703480482
23.02000046,0.6702017188
22.92000008,0.670356214
22.81999969,0.6700442433
22.77000046,0.6698795557
22.71999931,0.6696481705
22.62000084,0.6697275639
22.55999947,0.6693949103
22.46999931,0.6696048975
22.37000084,0.6690222621
22.27000046,0.6689341068
22.17000008,0.6690604091
22.12999916,0.6689690948
22.06999969,0.6687909365
21.96999931,0.6689029932
21.92000008,0.6685805917
21.81999969,0.6684545875
21.71999931,0.6681792736
21.62000084,0.6679452658
21.56999969,0.6679026484
21.52000046,0.667662859
21.46999931,0.6675376296
21.42000008,0.6677072048
21.37999916,0.6677204967
21.27000046,0.6671335101
21.21999931,0.6673393846
21.12000084,0.6671333313
21.06999969,0.6670197845
21.02000046,0.6668739915
20.92000008,0.6668661237
20.81999969,0.6663656235
20.77000046,0.6661026478
20.67000008,0.6660951972
20.62000084,0.6660202742
20.60000038,0.6655553579
20.46999931,0.6655163765
20.37000084,0.6653551459
20.31999969,0.6651284695
20.27000046,0.6651156545
20.17000008,0.6648502946
20.12000084,0.6647209525
19.92000008,0.6642539501
19.87000084,0.6635700464
19.81999969,0.6633751392
19.71999931,0.6633020043
19.62000084,0.6630272865
19.52000046,0.6624846458
19.46999931,0.6619669199
19.39999962,0.6619039774
19.31999969,0.6617072225
19.27000046,0.6613582373
19.17000008,0.6611397266
19.12000084,0.6605997086
19.06999969,0.660428226
19.03000069,0.6602784395
18.92000008,0.6598870754
18.81999969,0.6591023207
18.77000046,0.6589899659
18.71999931,0.6587920189
18.67000008,0.6584832668
18.56999969,0.6585828662
18.46999931,0.6577656269
18.42000008,0.6579099894
18.37000084,0.6572716236
18.27000046,0.6568033695
18.26000023,0.6569359899
18.21999931,0.6564721465
18.12000084,0.6561146379
18.02000046,0.6555163264
17.92000008,0.6551408768
17.89999962,0.654969573
17.81999969,0.6544911861
