12.92000008,0.6068549156
13.02000046,0.6064799428
13.09000015,0.606079042
13.22000027,0.6056854725
13.27000046,0.6053183079
13.31999969,0.6048324108
13.36999989,0.6045674682
13.47000027,0.6041995287
13.51000023,0.6035831571
13.56999969,0.603256464
13.61999989,0.6028704643
13.72000027,0.6030215025
13.77000046,0.602743566
13.81999969,0.6022174358
13.86999989,0.6019340158
13.89999962,0.6019759774
13.97000027,0.6015709043
14.06999969,0.6012676954
14.11999989,0.6007612944
14.22000027,0.6006006002
14.31999969,0.600325048
14.36999989,0.6001638174
14.42000008,0.5998270512
14.47000027,0.5997481942
14.56999969,0.599409759
14.64999962,0.5991275907
14.69999981,0.5991976261
14.77000046,0.5986835957
14.81999969,0.5985491872
14.92000008,0.5985919237
14.97000027,0.5981230736
15.06999969,0.5983636379
15.07999992,0.5980303288
15.11999989,0.5980370641
15.22000027,0.5979900956
15.31999969,0.5976824164
15.36999989,0.5977220535
15.42000008,0.5972329378
15.47999954,0.5972363949
15.56999969,0.5971286297
15.61999989,0.5969983935
15.72000027,0.5969803333
15.81999969,0.5967441797
15.85999966,0.5965986848
15.92000008,0.5964457393
15.97000027,0.5963589549
16.02000046,0.5961777568
16.06999969,0.5961318612
16.21999931,0.5961605906
16.28000069,0.5960535407
16.31999969,0.5957877636
16.42000008,0.5958731771
16.52000046,0.5955955982
16.56999969,0.5957734585
16.67000008,0.5956625938
16.71999931,0.5955398679
16.77000046,0.5953635573
16.87000084,0.5954504013
16.92000008,0.5953701138
17.02000046,0.595266223
17.10000038,0.5951452851
17.21999931,0.5950309634
17.31999969,0.5948380828
17.42000008,0.5952036977
17.47999954,0.5949552059
17.53000069,0.5949353576
17.62000084,0.5944741964
17.67000008,0.5946239233
17.71999931,0.5944746733
17.81999969,0.5946205854
17.87000084,0.5946532488
17.96999931,0.5944176316
18.06999969,0.594217062
18.17000008,0.5944197178
18.21999931,0.5944404602
18.29000092,0.5941330194
18.37000084,0.5940188766
18.46999931,0.5942952037
18.52000046,0.594140172
18.56999969,0.5940694213
18.67000008,0.5940939784
18.72999954,0.5938580036
18.81999969,0.5937443376
18.87000084,0.5936356783
18.96999931,0.5937902331
19.02000046,0.5938597918
19.06999969,0.5934864879
19.17000008,0.5936009288
19.21999931,0.5935178399
19.31999969,0.5934965014
19.37000084,0.5932680368
19.46999931,0.5935607553
19.52000046,0.5935126543
19.56999969,0.5933087468
19.67000008,0.5932587981
19.77000046,0.5933557749
19.81999969,0.5930836797
19.87000084,0.5930174589
19.90999985,0.5934246778
19.96999931,0.5931506753
20.06999969,0.5931671858
20.17000008,0.5929593444
20.21999931,0.592634201
20.28000069,0.5927208066
20.31999969,0.5924968123
20.42000008,0.5926898718
20.46999931,0.5927058458
20.52000046,0.5928848982
20.56999969,0.5928060412
20.67000008,0.592412889
20.71999931,0.5924882293
20.81999969,0.5925398469
20.87000084,0.5924895406
20.96999931,0.5922474265
21.02000046,0.592137754
21.06999969,0.5923048258
21.17000008,0.592472136
21.21999931,0.5921803117
21.27000046,0.5922397375
21.31999969,0.591938436
21.37000084,0.5919610858
21.42000008,0.5918536782
21.46999931,0.5919272304
21.56999969,0.5917962193
21.67000008,0.5915435553
21.71999931,0.5918359756
21.81999969,0.5915834308
21.89999962,0.5911809206
21.96999931,0.591443181
22.02000046,0.5912589431
22.06999969,0.591358006
22.17000008,0.5912400484
22.21999931,0.5912896991
22.31999969,0.5911532044
22.37000084,0.5911268592
22.46999931,0.5908268094
22.56999969,0.5903921723
22.62000084,0.5903959274
22.67000008,0.5906471014
22.77000046,0.5905902982
22.81999969,0.5902445912
22.92000008,0.5905367732
22.96999931,0.5897392631
23.06999969,0.589956522
23.12000084,0.5899686217
23.21999931,0.5897263885
23.31999969,0.589722693
23.46999931,0.5895642042
23.52000046,0.5891849399
23.62000084,0.5892494917
23.67000008,0.5892750025
23.77000046,0.5892606378
23.80999947,0.5888818502
23.87000084,0.5892058015
23.96999931,0.5891866684
24.06999969,0.5888115764
24.17000008,0.5886650681
24.23999977,0.5888236761
24.31999969,0.588632822
24.37000084,0.5891199112
24.46999931,0.5888747573
24.56999969,0.5888029337
24.59000015,0.5887720585
24.62000084,0.5889101624
24.71999931,0.5889933705
24.77000046,0.5893186331
24.81999969,0.5891558528
24.92000008,0.5892420411
24.96999931,0.5896008015
25.02000046,0.5895718932
25.12000084,0.5898624063
25.17000008,0.5900717378
25.21999931,0.5903832316
25.27000046,0.5905525088
25.31999969,0.5909010768
25.38999939,0.5906491876
25.46999931,0.5912871361
25.52000046,0.5915004611
25.56999969,0.5919607878
25.67000008,0.5921339989
25.77000046,0.5928898454
25.81999969,0.5929713249
25.86000061,0.5934398174
25.96999931,0.5937541127
26.02000046,0.5945388079
26.12000084,0.5948591828
26.17000008,0.5952391624
26.21999931,0.5957031846
26.31999969,0.5958702564
26.42000008,0.5966195464
26.46999931,0.5970133543
26.52000046,0.5977215171
26.56999969,0.5979067087
26.62999916,0.5980395079
26.67000008,0.5986279845
26.77000046,0.598837018
26.87000084,0.599597156
26.92000008,0.5999062657
26.96999931,0.6006823778
27.06999969,0.6012012959
27.12000084,0.6013312936
27.17000008,0.6021360755
27.21999931,0.6025564075
27.27000046,0.6030362248
27.37000084,0.6035138369
27.42000008,0.6041710377
27.46999931,0.6049261689
27.56999969,0.6049374938
27.62000084,0.605471909
27.67000008,0.6059659123
27.77000046,0.6063954234
27.81999969,0.6070722342
27.87000084,0.6075409055
27.96999931,0.6080453396
28.02000046,0.6088422537
28.06999969,0.6098476648
28.12000084,0.6104379296
28.20000076,0.6106672883
28.25,0.6113761663
28.31999969,0.6119229198
28.37000084,0.6123966575
28.46999931,0.6131382585
28.52000046,0.6135499477
28.62000084,0.6144685149
28.67000008,0.6154097319
28.77000046,0.6161033511
28.81999969,0.6169884801
28.92000008,0.6174720526
28.96999931,0.6180695295
29.02000046,0.6188958883
29.04000092,0.6193811297
29.12000084,0.6198696494
29.17000008,0.6205894947
29.21999931,0.6213037968
29.27000046,0.6217913032
