18.12000084,0.5982939005
18.21999931,0.5981197357
18.27000046,0.5975804925
18.37000084,0.5970973969
18.46999931,0.5966826677
18.47999954,0.5964078903
18.52000046,0.5961433649
18.62000084,0.5958923697
18.67000008,0.5948238373
18.77000046,0.5948189497
18.81999969,0.5944377184
18.84000015,0.5945629478
18.96999931,0.5942019224
19.02000046,0.5935717225
19.12000084,0.5934156775
19.17000008,0.5929178596
19.23999977,0.5930009484
19.31999969,0.5925642252
19.37000084,0.5919678807
19.42000008,0.5917713642
19.46999931,0.5920228362
19.52000046,0.5916134119
19.60000038,0.5914825201
19.67000008,0.5912659168
19.71999931,0.5912475586
19.81999969,0.5909454226
19.87000084,0.5909174085
19.95999908,0.5904095769
20.02000046,0.5903571248
20.06999969,0.5901776552
20.12000084,0.5900787115
20.21999931,0.5898906589
20.31999969,0.5896288157
20.37000084,0.5896670222
20.46999931,0.5894017816
20.56999969,0.5892412663
20.62000084,0.5891132951
20.67000008,0.5889483094
20.71999931,0.5890495777
20.81999969,0.5887948871
20.92000008,0.5885639787
21.02000046,0.5881634355
21.12000084,0.5882466435
21.17000008,0.5882015824
21.21999931,0.5882258415
21.31999969,0.5880560875
21.42000008,0.58773911
21.46999931,0.5877289176
21.52000046,0.5875140429
21.57999992,0.5874089599
21.67000008,0.5873028636
21.71999931,0.5872408152
21.81999969,0.5870537162
21.87000084,0.5871829987
21.96999931,0.5871288776
22.02000046,0.5871317983
22.06999969,0.5870752335
22.12000084,0.5867164731
22.17000008,0.5868835449
22.27000046,0.5867198706
22.37000084,0.586613059
22.42000008,0.5865725279
22.52000046,0.5862906575
22.62000084,0.5861759782
22.67000008,0.586335361
22.71999931,0.5861141682
22.77000046,0.5861755013
22.81999969,0.5858716965
22.92000008,0.5861804485
22.96999931,0.5858674049
23.06999969,0.5857207179
23.17000008,0.5857194662
23.21999931,0.5858200788
23.31999969,0.5856354833
23.42000008,0.5854094625
23.46999931,0.585328877
23.52000046,0.585480094
23.55999947,0.5852515101
23.62000084,0.5851457119
23.71999931,0.5852975249
23.77000046,0.5850539207
23.81999969,0.5852304697
23.96999931,0.5848382115
23.97999954,0.5849739313
24.06999969,0.5848234892
24.17000008,0.5847050548
24.27000046,0.5847168565
24.37000084,0.5846462846
24.39999962,0.5844416618
24.52000046,0.584271729
24.56999969,0.584261775
24.67000008,0.584169507
24.76000023,0.5840848088
24.81999969,0.5841110945
24.87000084,0.5836790204
24.96999931,0.5839662552
25.02000046,0.5835824609
25.06999969,0.5837823153
25.12000084,0.5837455392
25.21999931,0.5835584402
25.31999969,0.5837641954
25.42000008,0.5835754275
25.46999931,0.583530128
25.52000046,0.5832149386
25.56999969,0.583330214
25.67000008,0.5828607082
25.71999931,0.5829164982
25.77000046,0.5828844309
25.87000084,0.5829066634
25.96999931,0.5828080177
26.02000046,0.5829398632
26.12000084,0.5825413465
26.21999931,0.582260251
26.31999969,0.5821958184
26.37000084,0.582087934
26.46999931,0.5817655921
26.56999969,0.5818481445
26.67000008,0.581726253
26.77000046,0.5814932585
26.81999969,0.5813601613
26.87000084,0.5812702775
26.92000008,0.5811228156
26.96999931,0.5811560154
27.02000046,0.5808854103
27.12000084,0.5809063315
27.14999962,0.5807836056
27.21999931,0.5806005001
27.27000046,0.5806344748
27.37000084,0.5804725289
27.46999931,0.5801280737
27.52000046,0.5802013874
27.56999969,0.5801437497
27.67000008,0.5800387859
27.71999931,0.5797835588
27.77000046,0.5797370076
27.81999969,0.579780221
27.92000008,0.5797799826
28.02000046,0.5793325305
28.12000084,0.5795843601
28.17000008,0.579461813
28.21999931,0.5793169141
28.29000092,0.5791404247
28.37000084,0.5792477727
28.46999931,0.5793188214
28.52000046,0.5794802904
28.62000084,0.5792743564
28.67000008,0.5791424513
28.71999931,0.5795663595
28.81999969,0.579453826
28.87000084,0.5797171593
28.92000008,0.579842627
29.02000046,0.5798093677
29.06999969,0.5799385309
29.07999992,0.5800920129
29.17000008,0.5803698301
29.21999931,0.5807361007
29.27000046,0.5805593133
29.31999969,0.5809289217
29.37000084,0.5812071562
29.44000053,0.5814915895
29.48999977,0.5817889571
29.56999969,0.5820336938
29.62000084,0.5823854804
29.67000008,0.5829465389
29.77000046,0.5829279423
29.81999969,0.5830774903
29.87000084,0.5837452412
29.92000008,0.5838265419
29.96999931,0.5841911435
30.06999969,0.5845142007
30.12000084,0.5850357413
30.17000008,0.5853611827
30.22999954,0.5855536461
30.31999969,0.5860212445
30.37000084,0.5867228508
30.46999931,0.586963892
30.52000046,0.5876556039
30.62000084,0.587874651
30.67000008,0.5881005526
30.77000046,0.5890211463
30.87000084,0.5892308354
30.96999931,0.5902942419
31.02000046,0.5909748673
31.06999969,0.591448009
31.17000008,0.5916205645
31.21999931,0.592338562
31.27000046,0.5929685831
31.31999969,0.5932607055
31.42000008,0.5938389897
31.44000053,0.5945304632
31.47999954,0.5948563814
31.52000046,0.5950638652
31.56999969,0.595245719
31.62000084,0.596288383
31.77000046,0.5966954231
31.81999969,0.5969554782
31.88999939,0.5981562734
31.92000008,0.5987416506
32.02000046,0.5991991758
32.11999893,0.5998183489
32.16999817,0.6007426381
32.27000046,0.6011086702
32.36999893,0.6028008461
32.47000122,0.6035148501
32.52000046,0.604226172
32.56999969,0.6049201488
32.61999893,0.6051909924
32.65000153,0.6058648229
32.77000046,0.606924355
32.81999969,0.6074329019
32.86999893,0.6079231501
33.02000046,0.6096007228
33.06999969,0.6110365987
33.16999817,0.6116261482
33.27000046,0.6127878428
33.36999893,0.6140375137
33.41999817,0.614443481
33.47000122,0.6154523492
33.56999969,0.6160664558
33.61999893,0.6169065237
33.66999817,0.6177079082
33.77000046,0.6182799339
