32.66999817,0.5995308161
32.47000122,0.5997649431
32.27000046,0.6005653739
32.16999817,0.6009222865
32.13000107,0.6014696956
32.11999893,0.601503551
32.06999969,0.6019901633
32.02000046,0.6021609306
31.92000008,0.6029046774
31.81999969,0.6029453874
31.71999931,0.6036626101
31.67000008,0.603861928
31.62000084,0.6040405631
31.56999969,0.6043097377
31.52000046,0.6045995355
31.46999931,0.6043531895
31.42000008,0.6043915153
31.37000084,0.6049053073
31.27000046,0.6048513651
31.21999931,0.6050615311
31.06999969,0.6047658324
31.02000046,0.6053310037
30.92000008,0.6052078009
30.87000084,0.605281949
30.81999969,0.6055668592
30.71999931,0.6058804989
30.70999908,0.6058322787
30.62000084,0.6055849195
30.56999969,0.605782032
30.52000046,0.6054307222
30.46999931,0.605523169
30.42000008,0.6057625413
30.37000084,0.6059342027
30.31999969,0.6059206724
30.23999977,0.6058400273
30.17000008,0.6057667136
30.12000084,0.605474472
30.06999969,0.6060397029
30.02000046,0.6057674289
29.87000084,0.6057319641
29.81999969,0.605669558
29.71999931,0.6059282422
29.67000008,0.6054406762
29.56999969,0.6054193974
29.46999931,0.6055884361
29.42000008,0.6056777239
29.37000084,0.6054498553
29.27000046,0.6056203246
29.21999931,0.6053947806
29.12000084,0.6053434014
29.06999969,0.605207324
29.02000046,0.6052000523
28.92000008,0.6050522327
28.87000084,0.6053087711
28.77000046,0.6052469015
28.71999931,0.6047878265
28.67000008,0.6048211455
28.56999969,0.6050191522
28.52000046,0.6047419906
28.46999931,0.6047673225
28.42000008,0.6049346924
28.37000084,0.6046161056
28.32999992,0.6044815779
28.26000023,0.6045641899
28.21999931,0.6041662693
28.12000084,0.6043770313
28.06999969,0.6041949391
28.02000046,0.604165256
27.96999931,0.6040231586
27.89999962,0.6038081646
27.81999969,0.6039326787
27.77000046,0.6037235856
27.71999931,0.603783071
27.67000008,0.603721559
27.62000084,0.6033380628
27.54999924,0.6036106944
27.42000008,0.6033206582
27.31999969,0.6030215025
27.21999931,0.6030942202
27.17000008,0.6026969552
27.12000084,0.6029619575
27.06999969,0.6025623083
26.96999931,0.6027389169
26.92000008,0.6024850607
26.87000084,0.6023850441
26.81999969,0.6024217606
26.78000069,0.6021801233
26.67000008,0.6026001573
26.62000084,0.6022115946
26.56999969,0.602060914
26.52000046,0.6020312905
26.46999931,0.6019030213
26.42000008,0.6020396948
26.34000015,0.6019588113
26.27000046,0.6018027067
26.17000008,0.6016180515
26.06999969,0.6013813019
25.96999931,0.601226449
25.94000053,0.6012068987
25.87000084,0.6010385752
25.71999931,0.6010721326
25.67000008,0.6006805897
25.62000084,0.6007610559
25.55999947,0.6007643938
25.46999931,0.600691855
25.42000008,0.6004922986
25.37000084,0.6005464196
25.31999969,0.6007076502
25.21999931,0.6006284952
25.20000076,0.6001865864
25.12000084,0.6005038023
25.02000046,0.5999839306
24.96999931,0.6000449657
24.87000084,0.5999657512
24.81999969,0.599945426
24.73999977,0.5998274088
24.67000008,0.5999314785
24.62000084,0.5998179913
24.52000046,0.5997120142
24.46999931,0.599567771
24.42000008,0.5997498035
24.31999969,0.5994550586
24.27000046,0.5994066596
24.17000008,0.5989380479
24.12000084,0.5990470648
24.06999969,0.599090457
24.02000046,0.5989498496
23.94000053,0.59896487
23.87000084,0.5987830162
23.77000046,0.5988711119
23.71999931,0.5986239314
23.62000084,0.5986998081
23.57999992,0.5985682011
23.52000046,0.5984373093
23.42000008,0.5982191563
23.31999969,0.5983723998
23.27000046,0.597810328
23.21999931,0.5981069207
23.17000008,0.5980186462
23.06999969,0.5980195403
23.02000046,0.5978972316
22.92000008,0.5975239873
22.87000084,0.5976401567
22.79999924,0.5975556374
22.77000046,0.5973606706
22.62000084,0.5972560048
22.52000046,0.5967757702
22.42000008,0.5968824625
22.37999916,0.5968311429
22.31999969,0.5966412425
22.27000046,0.5963981152
22.17000008,0.5966015458
22.06999969,0.5965685844
22.04000092,0.596034646
21.96999931,0.5961126089
21.87000084,0.595930934
21.81999969,0.5959200859
21.77000046,0.5958138108
21.71999931,0.5956457853
21.62000084,0.5954424143
21.56999969,0.5950459838
21.52000046,0.5950351357
21.42000008,0.5949463248
21.37000084,0.5946621299
21.27000046,0.5945370793
21.26000023,0.5945866704
21.21999931,0.5944453478
21.12000084,0.5944604278
21.06999969,0.5942221284
20.96999931,0.5943047404
20.92000008,0.5937247872
20.87000084,0.5937872529
20.77000046,0.593721509
20.71999931,0.5933461785
20.62000084,0.5932062864
20.56999969,0.5932126045
20.45999908,0.5927335024
20.37000084,0.592687726
20.31999969,0.5923939943
20.27000046,0.5923925042
20.17000008,0.5920477509
20.06999969,0.5918580294
20.04000092,0.591927886
19.96999931,0.5914988518
19.92000008,0.5914821625
19.81999969,0.5915535092
19.71999931,0.5906867385
19.67000008,0.5906800628
19.62000084,0.5905702114
19.52000046,0.5901354551
19.46999931,0.5900281072
19.42000008,0.590110898
19.37000084,0.5897991657
19.31999969,0.5895231366
19.28000069,0.5894479752
19.21999931,0.5892012119
19.12000084,0.5889703035
19.06999969,0.5887547135
19.02000046,0.5886070132
18.92000008,0.5881322622
18.84000015,0.5877128243
18.71999931,0.5876855254
18.67000008,0.587228179
18.56999969,0.586995244
18.52000046,0.58682096
18.44000053,0.5865834355
18.37000084,0.5863091946
18.27000046,0.5860930681
18.21999931,0.5858172178
18.17000008,0.5855896473
18.12000084,0.585465014
18.05999947,0.5851749182
18.02000046,0.5849764347
17.92000008,0.5846145749
17.87000084,0.5842419267
17.77000046,0.5840601325
17.71999931,0.5836299658
17.62000084,0.5836061835
17.56999969,0.5831061602
17.46999931,0.5828722119
17.37000084,0.5824396014
17.31999969,0.5820441246
17.21999931,0.5819972754
17.12000084,0.5816887021
17.02000046,0.5806356072
16.96999931,0.580571115
16.92000008,0.580350101
16.86000061,0.5802512169
16.77000046,0.5798950195
16.71999931,0.5797457695
16.67000008,0.5793297887
16.62000084,0.5792943239
16.52000046,0.5785834193
16.42000008,0.5782266855
16.37000084,0.5781599879
16.27000046,0.5779047608
16.21999931,0.5771496296
16.12999916,0.5771704316
16.02000046,0.5764078498
15.97000027,0.5760273337
15.86999989,0.5759295821
15.77000046,0.5753753185
15.72000027,0.5751998425
15.65999985,0.5747488141
15.56999969,0.5742536187
15.52000046,0.5740823746
15.47000027,0.5737953186
15.36999989,0.5737550855
15.31999969,0.5731954575
15.27000046,0.5729758739
15.22000027,0.57287848
15.17000008,0.572373569
15.11999989,0.5721681118
15.02000046,0.5717933178
14.97000027,0.5717331171
14.92000008,0.5712885261
