49.97000122,0.8019554019
49.91999817,0.8022638559
49.66999817,0.8019105196
49.31999969,0.8021580577
49.27000046,0.8022325039
49.16999817,0.8018293977
49.09000015,0.8018137813
48.91999817,0.8020006418
48.86999893,0.8017461896
48.81999969,0.8014099002
48.72000122,0.8017135859
48.66999817,0.801527679
48.65999985,0.8016052842
48.56999969,0.801368475
48.47000122,0.8013861179
48.41999817,0.8014422655
48.36999893,0.8007593155
48.22000122,0.8009769917
48.16999817,0.8007766604
48.11999893,0.800798595
48.06999969,0.8007836938
47.97000122,0.8005610108
47.81999969,0.8006960154
47.77000046,0.8002766371
47.72000122,0.8003261089
47.66999817,0.800100565
47.52000046,0.8003005385
47.41999817,0.7997807264
47.38999939,0.799787581
47.31999969,0.7999325991
47.27000046,0.7996584773
47.22000122,0.7996742725
47.16999817,0.7994591594
47.06999969,0.7997969389
47.02999878,0.7991705537
46.97000122,0.7994066477
46.91999817,0.7993435264
46.81999969,0.7989382148
46.77000046,0.799402833
46.66999817,0.799018383
46.65999985,0.7988673449
46.61999893,0.7987118959
46.47000122,0.798902452
46.41999817,0.7988119721
46.31999969,0.7983349562
46.27000046,0.7983657122
46.22000122,0.7984237075
46.18999863,0.7984982729
46.11999893,0.7983435988
46.06999969,0.7982428074
45.97000122,0.797997117
45.91999817,0.7980670929
45.81999969,0.7980361581
45.81000137,0.7979286313
45.77000046,0.7977048755
45.66999817,0.7979177237
45.56999969,0.7976481318
45.47000122,0.7973527908
45.41999817,0.7974652648
45.36999893,0.7971597314
45.31999969,0.7973143458
45.27000046,0.7972589135
45.22000122,0.7970868349
45.11999893,0.7969479561
45.06999969,0.7967205048
44.91999817,0.7966842651
44.86999893,0.7968320251
44.81999969,0.7968762517
44.72000122,0.7966102362
44.66999817,0.7963139415
44.56999969,0.7963613272
44.52000046,0.7960897684
44.41999817,0.79637146
44.36999893,0.7961609364
44.27000046,0.7959634662
44.25,0.7960519791
44.16999817,0.7956264019
44.11999893,0.7956109047
44.02000046,0.7955299616
43.97000122,0.7955158353
43.91999817,0.7954524159
43.86999893,0.7952901721
43.81999969,0.7952165008
43.77000046,0.7952698469
43.66999817,0.7951129675
43.56999969,0.7949803472
43.47000122,0.7949706316
43.31999969,0.7944102287
43.27000046,0.7947478294
43.16999817,0.7942849994
43.06999969,0.7942131162
43.02000046,0.7942556143
42.97000122,0.7943329215
42.86999893,0.794072628
42.81999969,0.7940825224
42.72000122,0.7938215137
42.66999817,0.7935019135
42.56999969,0.7937915325
42.52000046,0.7934128642
42.41999817,0.793392539
42.36999893,0.7935100198
42.33000183,0.793227613
42.25999832,0.7931800485
42.16999817,0.7931483984
42.11999893,0.7932195663
42.06999969,0.7930232882
41.97000122,0.7933360338
41.86999893,0.7931757569
41.77000046,0.7929634452
41.66999817,0.7925883532
41.56999969,0.7925442457
41.52000046,0.792132318
41.47000122,0.7921904325
41.41999817,0.7920847535
41.31999969,0.7919926047
41.16999817,0.7922229767
41.06000137,0.7919442654
41.02000046,0.7917947769
40.91999817,0.7915259004
40.86999893,0.791693747
40.81999969,0.7915349007
40.72000122,0.7915514708
40.66999817,0.7913921475
40.61999893,0.7915259004
40.52000046,0.7912747264
40.41999817,0.7909873128
40.31999969,0.790725112
40.22000122,0.7909389138
40.06999969,0.7908913493
40.02000046,0.7903312445
39.97000122,0.7907437086
39.91999817,0.7902889848
39.81999969,0.7901618481
39.72000122,0.7903532386
39.61999893,0.7902491689
39.56999969,0.7902504802
39.47000122,0.7898591161
39.41999817,0.7896748185
39.36999893,0.7899307013
39.27000046,0.7895579338
39.22000122,0.7897580862
39.16999817,0.7892189622
39.13000107,0.7894363999
39.06999969,0.7892156243
39.02000046,0.7895530462
38.97000122,0.7893493176
38.86999893,0.7893169522
38.77000046,0.7890678644
38.72999954,0.7890595198
38.61999893,0.7887684703
38.52000046,0.7884910107
38.47000122,0.7886675596
38.41999817,0.7885762453
38.31999969,0.7887799144
38.27000046,0.7884686589
38.22000122,0.7885529399
38.16999817,0.7882884145
38.06999969,0.7881456614
37.91999817,0.7878195643
37.86999893,0.7879225612
37.77000046,0.787976265
37.72000122,0.7879968286
37.61999893,0.7878106236
37.52000046,0.7877562642
37.50999832,0.7874641418
37.47000122,0.7876814008
37.36999893,0.7873618603
37.31999969,0.7875434756
37.27000046,0.78711164
37.22000122,0.7874183059
37.15000153,0.7874346375
37.02000046,0.7870761156
36.91999817,0.7870535254
36.86999893,0.7873011827
36.81999969,0.7868686914
36.77000046,0.7866654992
36.66999817,0.7868286967
36.61999893,0.7863444686
36.56999969,0.7863225341
36.47000122,0.7866777778
36.41999817,0.786264956
36.36999893,0.7866767049
36.31999969,0.7863048315
36.22000122,0.7866604328
36.16999817,0.7861123681
36.11999893,0.7859922647
36.06999969,0.7858490348
36.02000046,0.7859066725
35.95999908,0.7855854034
35.91999817,0.785951376
35.81999969,0.7856757641
35.72000122,0.7853332758
35.61999893,0.7854315639
35.58000183,0.7854829431
35.47000122,0.7851893902
35.41999817,0.7853218913
35.36999893,0.7849040031
35.27000046,0.7849872708
35.22000122,0.7851678729
35.16999817,0.7848469615
35.11999893,0.7845343947
35.02000046,0.7846860886
34.97000122,0.7846868038
34.91999817,0.7845077515
34.86999893,0.7846100926
34.81999969,0.7843936682
34.72000122,0.7843027711
34.66999817,0.7840875983
34.61999893,0.7844277024
34.52000046,0.7841778994
34.41999817,0.7841254473
34.38999939,0.7839153409
34.31999969,0.7841705084
34.22000122,0.7837226391
34.16999817,0.7838919163
34.11999893,0.7837520242
34.06999969,0.7835550308
34.02000046,0.7836245894
33.91999817,0.7833145857
33.86999893,0.7831261158
33.72000122,0.7833034396
33.66999817,0.7831763029
33.61000061,0.7831968665
33.56999969,0.7829971313
33.47000122,0.7828071713
33.41999817,0.7829309106
33.36999893,0.7827746868
33.27000046,0.7826419473
33.24000168,0.7824233174
33.11999893,0.7826377749
33.06999969,0.7821288109
32.97000122,0.7822210789
32.86999893,0.7819425464
32.83000183,0.7817302346
32.77000046,0.7819821835
32.66999817,0.7817410231
32.61999893,0.7817383409
32.56999969,0.781237483
32.52000046,0.7817416191
32.47000122,0.7814777493
32.41999817,0.7813248634
32.36999893,0.7812725306
32.27000046,0.7810538411
32.22000122,0.7808634043
32.06999969,0.7809605598
31.96999931,0.7804328799
31.92000008,0.780405879
31.81999969,0.7802235484
31.71999931,0.780251503
31.67000008,0.7798451781
31.56999969,0.7798918486
31.46999931,0.7792909741
31.42000008,0.7792707086
31.37000084,0.7792512774
31.27000046,0.7788845301
31.21999931,0.7788347602
31.12000084,0.7784452438
31.06999969,0.7783436179
30.96999931,0.7778965831
30.92000008,0.7778173685
30.87000084,0.7775565386
30.85000038,0.7774413824
30.81999969,0.7773967981
30.67000008,0.7772259712
30.62000084,0.7766160369
30.56999969,0.7762936354
30.46999931,0.7761858702
30.43000031,0.7758996487
30.31999969,0.7756277919
30.27000046,0.775162518
30.17000008,0.7746863365
30.06999969,0.7741529942
30.02000046,0.7741910219
29.92000008,0.7732977867
29.87000084,0.773224473
29.81999969,0.7729145288
29.77000046,0.7727171779
29.71999931,0.7719575763
29.62000084,0.7717065215
29.52000046,0.7711572051
29.42000008,0.7705045938
29.37000084,0.7696899176
29.28000069,0.7692943215
29.21999931,0.7690218687
29.17000008,0.7682301402
29.06999969,0.7683505416
29.02000046,0.7675321102
