20.02000046,0.6586031914
20.06999969,0.6582798958
20.21999931,0.6582725644
20.27000046,0.6584538817
20.42000008,0.6579021215
20.47999954,0.6578338742
20.56999969,0.6577748656
20.62000084,0.6578918099
20.71999931,0.6578182578
20.81999969,0.6575602293
20.84000015,0.6577160954
20.87000084,0.6575435996
21.02000046,0.6577900052
21.12000084,0.6578167677
21.17000008,0.6578993797
21.21999931,0.6575263143
21.27000046,0.657638669
21.42000008,0.6577951908
21.46999931,0.6579326987
21.56999969,0.6574978828
21.64999962,0.6575308442
21.71999931,0.657384038
21.81999969,0.6577447653
21.87000084,0.6576986313
21.96999931,0.6577101946
22.02000046,0.6575034857
22.05999947,0.6574332118
22.17000008,0.6575524211
22.27000046,0.6576008201
22.42000008,0.657574296
22.46999931,0.6571784019
22.56999969,0.6575582623
22.71999931,0.6576786041
22.81999969,0.6575659513
22.86000061,0.6574744582
22.96999931,0.6577358842
23.02000046,0.6577551961
23.12000084,0.6575039029
23.20000076,0.657451272
23.23999977,0.6575036049
23.31999969,0.657722652
23.42000008,0.6577548981
23.46999931,0.6576344967
23.56999969,0.6577776074
23.67000008,0.6576491594
23.77000046,0.6575631499
23.81999969,0.6576066017
23.92000008,0.6572961807
24.02000046,0.6573597193
24.12000084,0.6575181484
24.17000008,0.6575044394
24.31999969,0.6578145027
24.37999916,0.6576482654
24.52000046,0.6578777432
24.62000084,0.6578807831
24.71999931,0.6575745344
24.77000046,0.6576538086
24.80999947,0.6575318575
24.92000008,0.6576356888
24.96999931,0.6577777267
25.06999969,0.657578826
25.17000008,0.6578938365
25.21999931,0.6579583883
25.31999969,0.6577350497
25.37000084,0.6576994658
25.42000008,0.6580302119
25.54999924,0.6580016613
25.62000084,0.6579136252
25.71999931,0.6577799916
25.77000046,0.6577894092
25.92000008,0.6578665376
25.96999931,0.6577584147
26.12000084,0.6581269503
26.21999931,0.6581336856
26.31999969,0.6578792334
26.37000084,0.6583156586
26.46999931,0.6580045819
26.62000084,0.6579439044
26.67000008,0.6581447124
26.71999931,0.6579710245
26.72999954,0.6581373811
26.77000046,0.6581915617
26.96999931,0.6582179666
27.12000084,0.6580933928
27.17000008,0.6581807137
27.21999931,0.6581864953
27.31999969,0.6582748294
27.42000008,0.6582749486
27.46999931,0.6580411792
27.52000046,0.6582513452
27.55999947,0.65831393
27.67000008,0.6582499146
27.81999969,0.6583181024
27.89999962,0.6586218476
27.96999931,0.6584597826
28.06999969,0.6585836411
28.12000084,0.6585487127
28.17000008,0.6582196951
28.27000046,0.6583432555
28.37000084,0.6586257815
28.42000008,0.6585532427
28.52000046,0.6586825252
28.56999969,0.6586681008
28.67000008,0.6586671472
28.71999931,0.658790648
28.77000046,0.6588451266
28.81999969,0.658716917
28.96999931,0.6588283181
29.02000046,0.6587176323
29.06999969,0.6588168144
29.15999985,0.6585512161
29.21999931,0.6587113142
29.27000046,0.6587410569
29.42000008,0.6589444876
29.46999931,0.6587880254
29.51000023,0.6588206291
29.62000084,0.6590198874
29.67000008,0.6589750051
29.77000046,0.6589843035
29.87000084,0.6592022181
29.96999931,0.6590141058
30.02000046,0.6593834758
30.06999969,0.6590629816
30.12000084,0.6591098905
30.17000008,0.6592723131
30.22999954,0.6592621803
30.28000069,0.6592243314
30.37000084,0.6593981981
30.46999931,0.6592431068
30.52000046,0.6591107845
30.56999969,0.6595127583
30.71999931,0.659450233
30.77000046,0.6597059965
30.92000008,0.6597058773
31,0.6599445939
31.02000046,0.6596717238
31.21999931,0.65977633
31.27000046,0.6598957777
31.31999969,0.6594744921
31.37000084,0.6599259377
31.52000046,0.6599826217
31.62000084,0.659694612
31.71999931,0.6600347161
31.81999969,0.660020411
31.87000084,0.6601628661
31.96999931,0.6600911617
32.02000046,0.6602045298
32.06999969,0.6603660583
32.11999893,0.6603106856
32.20000076,0.6600568295
32.22000122,0.6603953838
32.31999969,0.6603516936
32.41999817,0.6604796648
32.47000122,0.6606218219
32.52000046,0.6603935957
32.63000107,0.6607154608
32.72000122,0.660595715
32.77000046,0.660621345
32.81999969,0.6606329083
32.91999817,0.6607547402
32.97000122,0.6606199145
33.04000092,0.6605421305
33.16999817,0.6608275175
33.22000122,0.661073029
33.31999969,0.6609899998
33.36999893,0.6610509157
33.40000153,0.6610842943
33.52000046,0.661123991
33.61999893,0.6614819169
33.72000122,0.6610983014
33.81999969,0.6614255309
33.97000122,0.6613981724
34.02000046,0.6616814733
34.06999969,0.6615856886
34.16999817,0.6614286304
34.22999954,0.661385715
34.27000046,0.6617330909
34.36999893,0.6619753242
34.41999817,0.66194731
34.56999969,0.6620692611
34.61000061,0.6621297002
34.77000046,0.6621578932
34.81999969,0.6621630192
34.91999817,0.6621930003
34.97000122,0.6623858213
35.02999878,0.6626467705
35.16999817,0.6625145674
35.27000046,0.6628600955
35.41999817,0.6629256606
35.47000122,0.6629155874
35.61999893,0.6631304026
35.72000122,0.6631336212
35.75,0.6629727483
35.81999969,0.6635534763
35.97000122,0.6635380983
36.02000046,0.6637573242
36.06999969,0.6634247899
36.11999893,0.6636024714
36.22000122,0.6638354659
36.31999969,0.6639810205
36.36999893,0.6642938256
36.47000122,0.6643457413
36.52000046,0.664488852
36.61999893,0.6646752954
36.66999817,0.6647775173
36.81999969,0.6650103331
36.86999893,0.665122807
36.91999817,0.6652136445
36.97000122,0.6652958393
37.06999969,0.6654102802
37.11999893,0.6656720638
37.16999817,0.6658270955
37.27000046,0.665938735
37.36999893,0.6661754251
37.41999817,0.6664533019
37.47000122,0.6666775346
37.61999893,0.6667610407
37.72000122,0.6670023799
37.72999954,0.66730088
37.77000046,0.6674407125
37.81999969,0.6676463485
37.91999817,0.6676437259
37.97000122,0.6677504778
38.02000046,0.6680399179
38.11999893,0.6684732437
38.22000122,0.6687533855
38.27000046,0.6690274477
38.31999969,0.6695173383
38.36999893,0.6693016291
38.47000122,0.669798553
38.52000046,0.6700013876
38.61999893,0.6705114245
38.66999817,0.6708655953
38.72000122,0.6710131764
38.81999969,0.671289742
38.86999893,0.6717361212
38.90999985,0.6716859341
38.95999908,0.6719531417
38.97000122,0.6725947857
39.11999893,0.6728196144
39.22000122,0.6730950475
39.27000046,0.6738802195
39.34000015,0.673950851
39.41999817,0.6745461822
39.56999969,0.6752377152
39.61999893,0.6757973433
39.65000153,0.6764262915
39.72000122,0.6765140891
39.77000046,0.6769307852
39.86999893,0.6773788929
39.91999817,0.6779746413
39.97000122,0.6784793735
40.11999893,0.6785864234
40.22000122,0.6798920631
40.27000046,0.6809389591
40.36999893,0.6817028522
40.41999817,0.6820398569
40.47000122,0.6823633909
40.52000046,0.6835603714
40.61999893,0.6843037009
40.66999817,0.6847900748
40.72000122,0.6857142448
40.81999969,0.6863345504
40.90999985,0.6876032352
40.91999817,0.6884642839
41.02000046,0.6888448596
41.11999893,0.6899957061
41.22000122,0.6905248761
41.24000168,0.6923711896
41.31999969,0.6933398843
41.47000122,0.6946685314
41.61999893,0.6967627406
41.68000031,0.6989192963
41.77000046,0.6997406483
41.81999969,0.7008119822
41.91999817,0.7016939521
42.02000046,0.7036745548
42.06999969,0.7048602104
42.16999817,0.7071687579
42.31999969,0.7092452049
42.52000046,0.7123013735
42.56999969,0.71351403
42.66999817,0.7159918547
42.77000046,0.719491303
42.81999969,0.720674932
42.86999893,0.7218421102
42.90999985,0.7231379747
42.97000122,0.7243556976
43.02000046,0.7255263925
43.11999893,0.7272577882
43.16999817,0.7287708521
43.27000046,0.7317849994
43.41999817,0.7331259847
43.47000122,0.7363603115
43.52000046,0.7377818823
43.61999893,0.7395246029
43.72000122,0.7411008477
43.81999969,0.7450988293
43.91999817,0.7481931448
44.02000046,0.7499478459
44.08000183,0.7530627251
44.16999817,0.7553414106
44.22000122,0.7581574917
44.31999969,0.7598592043
44.41999817,0.7615056634
44.47000122,0.7632994652
44.56999969,0.764872849
44.66999817,0.7677308917
44.77000046,0.7711156607
44.86999893,0.7722430229
44.91999817,0.7736865878
45.06999969,0.7764737606
45.11999893,0.7775995731
45.22000122,0.7789322734
45.31999969,0.782469511
45.41999817,0.7837560773
45.47000122,0.785417676
45.61999893,0.786794126
45.63999939,0.7872980833
45.77000046,0.787665844
45.91999817,0.7890284061
46.02000046,0.7890675068
46.11999893,0.7892426848
46.22000122,0.7892176509
46.27000046,0.789129436
46.31999969,0.7891150713
46.52000046,0.7893861532
46.56999969,0.7893784642
46.61999893,0.7894558311
46.72000122,0.7893050909
46.86999893,0.7896453142
46.88999939,0.7892144918
46.97000122,0.7895818949
47.02000046,0.7895484567
47.06999969,0.7897320986
47.22000122,0.7897337675
47.27000046,0.7898592353
47.41999817,0.7897485495
47.47000122,0.7896245122
47.56999969,0.7902008891
47.61999893,0.7901243567
47.66999817,0.7902387977
47.81999969,0.7904443145
48.02000046,0.790763557
48.06999969,0.7909584045
48.11999893,0.7910653353
48.16999817,0.7911039591
48.22000122,0.7912175655
48.27000046,0.7913396955
48.41999817,0.7916566133
48.52000046,0.791554451
48.72000122,0.791805923
48.77000046,0.7920393944
48.81999969,0.7925622463
48.91999817,0.7925276756
49.02000046,0.7925741076
49.11999893,0.7927858829
49.22000122,0.7930321693
49.27000046,0.7930105329
49.36999893,0.7932165265
49.47000122,0.7933496833
49.61999893,0.7934129834
49.72000122,0.7934774756
49.77000046,0.7934300303
49.86999893,0.7939531803
49.97000122,0.7938019037
