29.92000008,0.4117486775
29.71999931,0.4117558599
29.56999969,0.4121783674
29.46999931,0.4123017788
29.42000008,0.4124771655
29.31999969,0.4128736556
29.27000046,0.4132208526
29.21999931,0.4129924476
29.12000084,0.4132167697
29.06999969,0.413703531
29.02000046,0.4138182402
28.96999931,0.4134499729
28.92000008,0.4137302339
28.87000084,0.4138007164
28.77000046,0.4139781296
28.71999931,0.414086163
28.67000008,0.4139844179
28.56999969,0.4141524732
28.46999931,0.414323777
28.42000008,0.4144634008
28.31999969,0.4144622982
28.21999931,0.4143155813
28.17000008,0.4144256115
28.02000046,0.4142911136
27.96999931,0.4146052003
27.92000008,0.4145656824
27.81999969,0.4145978689
27.77000046,0.4146933556
27.71999931,0.4145989716
27.63999939,0.4148004651
27.52000046,0.4144973755
27.46999931,0.4148111641
27.42000008,0.4149403572
27.37000084,0.4146793783
27.27000046,0.4146869183
27.21999931,0.4146297574
27.17000008,0.414660722
27.12000084,0.4146420062
27.06999969,0.4148146808
27.02000046,0.4145021439
26.96999931,0.4145962
26.87000084,0.4146785438
26.81999969,0.4145747125
26.77000046,0.4146485329
26.71999931,0.414596796
26.62000084,0.4144807458
26.56999969,0.414504528
26.52000046,0.4145298898
26.46999931,0.4143785238
26.42000008,0.4144950807
26.31999969,0.4143004417
26.27000046,0.4144851565
26.21999931,0.4143120348
26.17000008,0.4145238698
26.12000084,0.4141550064
26.06999969,0.4143379331
26.02000046,0.4140158296
25.92000008,0.4140928686
25.87000084,0.4140585661
25.81999969,0.4140776098
25.71999931,0.4139302075
25.63999939,0.4139664769
25.56999969,0.4138241112
25.52000046,0.4139803648
25.42000008,0.4139790237
25.37000084,0.4138818085
25.31999969,0.4137988687
25.28000069,0.4136570692
25.21999931,0.4135086536
25.12000084,0.413594842
25.06999969,0.4135832191
24.92000008,0.413584739
24.86000061,0.4134145975
24.77000046,0.4134539664
24.67000008,0.4134393036
24.62000084,0.4133584797
24.56999969,0.4132984579
24.51000023,0.4133864343
24.46999931,0.4131664336
24.37000084,0.4131470025
24.27000046,0.4130494595
24.17000008,0.4130727053
24.12000084,0.4128524363
24.02000046,0.4131358564
23.96999931,0.412979871
23.87000084,0.4130457342
23.81999969,0.4128341973
23.77000046,0.4129403234
23.71999931,0.4129678607
23.67000008,0.4128124416
23.56999969,0.4127863348
23.52000046,0.4130065441
23.46999931,0.4128294289
23.37000084,0.4126306772
23.27000046,0.4128107429
23.21999931,0.4126605093
23.17000008,0.4127098024
23.06999969,0.4128127396
22.96999931,0.4124822617
22.92000008,0.4124262035
22.77000046,0.4124735892
22.67000008,0.4123767018
22.62000084,0.4124227166
22.56999969,0.4122686684
22.46999931,0.4122346044
22.45999908,0.4122470915
22.37000084,0.4124026597
22.31999969,0.4122754931
22.27000046,0.4124178886
22.17000008,0.4123307765
22.12000084,0.4122215509
22.06999969,0.4123757184
22.02000046,0.4121420085
21.96999931,0.4119651914
21.92000008,0.4123951495
21.87000084,0.4121160209
21.81999969,0.4121121764
21.71999931,0.4121870697
21.69000053,0.4121449292
21.62000084,0.4120608568
21.52000046,0.4121599793
21.46999931,0.4119668603
21.42000008,0.4120433927
21.37000084,0.4120310843
21.31999969,0.4118827879
21.27000046,0.4119264185
21.17000008,0.4121355116
21.12000084,0.4119445086
21.02000046,0.4119057059
20.92000008,0.411842376
20.81999969,0.4117286801
20.71999931,0.4117618501
20.62000084,0.4115136266
20.56999969,0.4116590321
20.5,0.4118309915
20.46999931,0.4114335477
20.37000084,0.4113692641
20.27000046,0.4114432931
20.21999931,0.4115216434
20.17000008,0.4114499986
20.12000084,0.4113105237
20.06999969,0.4114384055
20.02000046,0.4117127061
19.92000008,0.4116393924
19.81999969,0.4113778472
19.77000046,0.4114151597
19.70000076,0.4112302363
19.67000008,0.411190182
19.56999969,0.4113242328
19.52000046,0.4114205241
19.46999931,0.4114379585
19.37000084,0.4113103151
19.27000046,0.4111510813
19.17000008,0.4109190702
19.06999969,0.411095351
19.02000046,0.4111444056
18.97999954,0.4114204943
18.92000008,0.4108160138
18.87000084,0.4108593166
18.77000046,0.411170423
18.71999931,0.4108577073
18.67000008,0.4107786715
18.59000015,0.4107831419
18.46999931,0.4110607207
18.42000008,0.4107376635
18.37000084,0.4107272327
18.27000046,0.4106819928
18.21999931,0.4105354548
18.17000008,0.4107078016
18.14999962,0.4107164741
18.06999969,0.4107177556
18.02000046,0.4104548097
17.96999931,0.4105140865
17.92000008,0.4107547402
17.81999969,0.4107114673
17.77000046,0.4103288054
17.71999931,0.4103225172
17.67000008,0.41039446
17.56999969,0.4100653529
17.52000046,0.4102320373
17.46999931,0.4102382064
17.37000084,0.4101063311
17.36000061,0.4102821052
17.27000046,0.4102132618
17.17000008,0.4099611044
17.06999969,0.4100555182
17.02000046,0.4099248052
16.96999931,0.4101714492
16.93000031,0.4097509384
16.87000084,0.4098275602
16.81999969,0.4097637832
16.71999931,0.4097320437
16.67000008,0.409812808
16.56999969,0.4098487496
16.52000046,0.4098080695
16.46999931,0.4095726311
16.37000084,0.4094578028
16.27000046,0.4095559418
16.17000008,0.4093396962
16.15999985,0.4092880785
16.06999969,0.4091927111
16.02000046,0.4090724587
15.92000008,0.4092060328
15.81999969,0.4092041552
15.77000046,0.4091493487
15.72000027,0.4090915918
15.61999989,0.4089106917
15.52000046,0.4088944793
15.47000027,0.4089430869
15.42000008,0.4087060392
15.38000011,0.4087171555
15.31999969,0.4086025357
15.22000027,0.4084150493
15.17000008,0.4084949493
15.06999969,0.4084326923
15.03999996,0.4083518088
14.97000027,0.4084847271
14.86999989,0.4082128704
14.77000046,0.4081939459
14.72000027,0.4082232714
14.67000008,0.4081347883
14.56999969,0.407921195
14.52000046,0.4079906344
14.47000027,0.4077070951
14.42000008,0.407690376
14.36999989,0.4075191617
14.31999969,0.4073657095
14.25,0.407612741
14.17000008,0.4077068269
14.11999989,0.4073400497
14.06999969,0.4073643088
14.02000046,0.4072800875
13.92000008,0.4069086313
13.86999989,0.4069865346
13.77000046,0.4069250226
13.67000008,0.4068035781
13.61999989,0.4066400826
13.56999969,0.4067053199
13.47000027,0.406793654
13.46000004,0.4065335691
13.36999989,0.4062669873
13.31999969,0.4062893093
13.27000046,0.4062799811
13.17000008,0.406080544
13.06999969,0.4061991274
13.03999996,0.4056984484
12.97000027,0.4058972895
12.86999989,0.4058977962
12.81999969,0.4054323137
12.72000027,0.4053588212
12.67000008,0.4053295553
12.63000011,0.4053096473
12.52000046,0.4052442908
12.47000027,0.4051141739
12.42000008,0.4048449397
12.31999969,0.4047387242
12.27000046,0.404604882
12.17000008,0.4046419561
12.11999989,0.4045311511
12.06999969,0.4044061601
12.02000046,0.4045394659
11.97000027,0.4042916298
11.86999989,0.4042344987
11.77000046,0.4038950503
11.67000008,0.4039123058
11.61999989,0.4036542773
11.56999969,0.4038636088
11.52000046,0.4035893977
11.47000027,0.4033755064
11.42000008,0.4033524394
11.31999969,0.4035074413
11.22000027,0.4031196833
11.17000008,0.4029309154
11.11999989,0.4030242264
11.02000046,0.4029606581
10.92000008,0.4024645388
10.81999969,0.4024186432
10.72000027,0.4022545516
10.67000008,0.4020718932
10.61999989,0.4020026326
10.56999969,0.4019700289
10.52000046,0.4018567801
10.42000008,0.4017265141
10.36999989,0.4016169608
10.31999969,0.401553005
10.22000027,0.4013839364
10.17000008,0.4010037184
10.06999969,0.401000917
10.02000046,0.4009218812
9.920000076,0.4008391798
9.869999886,0.4005586803
9.81000042,0.4005770385
9.770000458,0.4002534747
9.670000076,0.4001230597
9.569999695,0.4004235268
9.470000267,0.4000919163
9.369999886,0.3997082114
9.270000458,0.3995025456
9.220000267,0.3993729055
9.170000076,0.3994505703
9.119999886,0.3993029296
9.020000458,0.3991404176
8.970000267,0.3990713656
8.869999886,0.3988774717
8.819999695,0.3990617692
8.720000267,0.3984363377
8.670000076,0.3982955217
8.600000381,0.3983691633
8.520000458,0.3980366886
8.470000267,0.3983356655
8.369999886,0.3980113268
8.319999695,0.3976545036
8.270000458,0.3976969421
8.239999771,0.3973611593
8.170000076,0.3975185156
8.069999695,0.3973225057
8.020000458,0.3972030282
7.96999979,0.3974329531
