16.71999931,0.435118407
16.81999969,0.43486166
16.96999931,0.4345362186
17.02000046,0.433986038
17.06999969,0.4342710376
17.12000084,0.4333805442
17.17000008,0.4334057868
17.23999977,0.4329534173
17.31999969,0.432592392
17.46999931,0.432292819
17.52000046,0.4317898452
17.56999969,0.431768775
17.67000008,0.4313235581
17.71999931,0.4310773909
17.77000046,0.4310357273
17.81999969,0.4309574962
17.87000084,0.430477947
17.92000008,0.4304585755
17.96999931,0.4303355217
18.02000046,0.4300705492
18.07999992,0.4301716983
18.17000008,0.4300324917
18.21999931,0.4295944273
18.27000046,0.4296627045
18.37000084,0.4294065535
18.42000008,0.4294197559
18.46999931,0.4294396639
18.52000046,0.4289344549
18.56999969,0.4290876687
18.62000084,0.4286162555
18.71999931,0.4284279943
18.77000046,0.4282731712
18.87000084,0.4285458624
18.92000008,0.4281228483
19.02000046,0.4281027615
19.12000084,0.4278856516
19.17000008,0.4278942049
19.21999931,0.4279242158
19.28000069,0.42746526
19.31999969,0.4275429249
19.42000008,0.4272914529
19.46999931,0.4275491238
19.52000046,0.4272118509
19.56999969,0.4272477031
19.62000084,0.4271927774
19.77000046,0.4271386862
19.81999969,0.426980108
19.92000008,0.4267490506
19.96999931,0.4267708659
20.02000046,0.426445812
20.06999969,0.4266678691
20.12000084,0.4262574017
20.21999931,0.4263180792
20.27000046,0.4265842438
20.37000084,0.4261825681
20.42000008,0.4260828495
20.45999908,0.426028192
20.56999969,0.4259653091
20.67000008,0.4257465601
20.71999931,0.4258933961
20.84000015,0.4257667065
20.87000084,0.4256359339
20.96999931,0.4255468249
21.02000046,0.4255464077
21.06999969,0.4256208539
21.12000084,0.4252190888
21.21999931,0.4255098701
21.23999977,0.4254598618
21.37000084,0.4252283275
21.42000008,0.4254027903
21.46999931,0.4253364801
21.56999969,0.4250599146
21.61000061,0.4251384139
21.67000008,0.4251163006
21.71999931,0.4252381325
21.81999969,0.4252460003
21.87000084,0.4249682724
21.92000008,0.4249242544
21.96999931,0.4248227179
22.06999969,0.4251053333
22.12000084,0.4247453511
22.17000008,0.4248737991
22.21999931,0.4247770309
22.31999969,0.4248077571
22.35000038,0.4248054028
22.42000008,0.4248407781
22.46999931,0.4245835245
22.52000046,0.4245105684
22.62000084,0.4245719016
22.67000008,0.4244411588
22.77000046,0.4243306816
22.81999969,0.4243325889
22.92000008,0.4245283306
22.96999931,0.4244455695
23.02000046,0.4241591692
23.06999969,0.4243067503
23.12000084,0.4240138829
23.17000008,0.4241609275
23.21999931,0.4240505993
23.31999969,0.424013406
23.37000084,0.4240741432
23.42000008,0.4240970612
23.52000046,0.423958689
23.56999969,0.4239343107
23.61000061,0.4237051904
23.67000008,0.4237233102
23.71999931,0.4239456356
23.81999969,0.42342484
23.87000084,0.4236726761
23.92000008,0.4237210155
23.96999931,0.4235932827
24.02000046,0.4236680269
24.12000084,0.4237285554
24.17000008,0.4233679175
24.27000046,0.4236446619
24.31999969,0.4234107435
24.36000061,0.4232648313
24.46999931,0.4232834578
24.52000046,0.4233478904
24.67000008,0.4230929613
24.71999931,0.4229345024
24.73999977,0.4231647551
24.81999969,0.4232985973
24.92000008,0.4228951931
24.96999931,0.4229132235
25.06999969,0.423063755
25.12000084,0.4230734408
25.17000008,0.4229362011
25.27000046,0.4228124321
25.31999969,0.4229557514
25.42000008,0.4225860238
25.52000046,0.4227544069
25.56999969,0.4224563837
25.67000008,0.4226538837
25.81999969,0.4222644567
25.87000084,0.422372669
25.94000053,0.4220517576
25.96999931,0.4223405123
26.06999969,0.422475785
26.17000008,0.4221751094
26.27000046,0.4219793975
26.31999969,0.4219290316
26.37000084,0.4218811691
26.46999931,0.4218835831
26.52000046,0.4216834903
26.62000084,0.4215009511
26.65999985,0.4217205644
26.77000046,0.4217275679
26.87000084,0.4214228094
26.92000008,0.4213128388
26.96999931,0.4212734401
27.06999969,0.4212746918
27.12000084,0.4212502241
27.21999931,0.4211415946
27.31999969,0.4210313559
27.42000008,0.4211399555
27.46999931,0.4211678803
27.48999977,0.4210327864
27.56999969,0.4211446941
27.62000084,0.4210224152
27.67000008,0.421007365
27.77000046,0.4207954407
27.81999969,0.4208310843
27.87000084,0.4210400581
27.92000008,0.4207835793
28.02000046,0.4207385182
28.12000084,0.4211751819
28.17000008,0.4213040471
28.21999931,0.4209436178
28.28000069,0.4209793806
28.31999969,0.4211722314
28.42000008,0.4211338162
28.46999931,0.4215496778
28.52000046,0.4214845598
28.56999969,0.4215464592
28.67000008,0.4216299355
28.70999908,0.4221048355
28.77000046,0.4218113422
28.87000084,0.4222359061
28.92000008,0.4224514365
29.02000046,0.4226580262
29.06999969,0.4227978587
29.12000084,0.4229419529
29.21999931,0.4229828417
29.27000046,0.4237746894
29.31999969,0.4238062501
29.37000084,0.4236082435
29.42000008,0.424434036
29.46999931,0.4245043993
29.52000046,0.4248758852
29.56999969,0.4251473248
29.71999931,0.4251435101
29.77000046,0.4256505072
29.84000015,0.4264084995
29.87000084,0.4263795018
30.02000046,0.4266278744
30.12000084,0.4271268547
30.17000008,0.4274836183
30.21999931,0.4278735816
30.27000046,0.4282922149
30.31999969,0.4285186231
30.37000084,0.4289712608
30.46999931,0.42920506
30.52000046,0.4298775494
30.62000084,0.4297881126
30.62999916,0.4304219484
30.67000008,0.4307298362
30.77000046,0.4310922027
30.81999969,0.4315335453
30.92000008,0.4319571853
30.96999931,0.4327742457
31.06999969,0.4332479239
31.17000008,0.4341357648
31.27000046,0.4342472553
31.37000084,0.4352101386
31.39999962,0.4360053241
31.46999931,0.4362311065
31.56999969,0.4365582168
31.62000084,0.4378276765
31.71999931,0.4383081198
31.77000046,0.4388908148
31.81999969,0.439373523
31.92000008,0.4397369325
31.96999931,0.440451473
32.02000046,0.4407465458
32.06999969,0.4415016174
32.16999817,0.4420078099
32.18000031,0.4424050152
32.22000122,0.4431035519
32.31999969,0.443397671
32.41999817,0.4447076917
32.47000122,0.4453730583
32.56999969,0.4460487366
32.61999893,0.4466509521
32.66999817,0.447147727
