14.22000027,0.6268886328
14.27000046,0.6262680292
14.42000008,0.6257836223
14.52000046,0.6253169775
14.56999969,0.6250064969
14.60999966,0.6247777939
14.72000027,0.6244564652
14.81999969,0.6235029697
14.92000008,0.6226929426
14.97000027,0.6221627593
15.02000046,0.6218559742
15.11999989,0.6219721437
15.17000008,0.6212999225
15.27000046,0.6210468411
15.31999969,0.6207584143
15.36999989,0.620233953
15.47000027,0.620095849
15.52000046,0.6198603511
15.61999989,0.6197040081
15.72000027,0.6194858551
15.77000046,0.6192238927
15.86999989,0.618879199
15.97000027,0.6187160611
16.06999969,0.6183163524
16.12000084,0.6180113554
16.21999931,0.6179583669
16.27000046,0.6175099015
16.37000084,0.6176240444
16.46999931,0.6171149015
16.52000046,0.6171152592
16.56999969,0.6167568564
16.67000008,0.6168318391
16.71999931,0.6164047122
16.87000084,0.6161883473
16.92000008,0.6162840128
16.96999931,0.6157597303
17.02000046,0.6158298254
17.06999969,0.6157792807
17.17000008,0.6157287359
17.27000046,0.6156038642
17.31999969,0.615634799
17.37000084,0.6154701114
17.46999931,0.61541605
17.52000046,0.6151409149
17.62000084,0.6153693199
17.67000008,0.6148957014
17.77000046,0.6148933172
17.81999969,0.6147352457
17.87000084,0.6146638989
17.92000008,0.6144360304
17.96999931,0.6144313216
18.06999969,0.6146505475
18.15999985,0.6142379045
18.21999931,0.614266336
18.27000046,0.6142084599
18.37000084,0.614079535
18.42000008,0.6141850948
18.52000046,0.6139304042
18.62000084,0.6137117743
18.67000008,0.6138166785
18.77000046,0.6136049032
18.87000084,0.6134591103
18.94000053,0.6136121154
19.02000046,0.6133151054
19.06999969,0.6132177711
19.12000084,0.6132896543
19.21999931,0.6131247878
19.27000046,0.613188684
19.31999969,0.6128666401
19.37000084,0.6129421592
19.42000008,0.6128702164
19.46999931,0.6128277779
19.56999969,0.6130740047
19.62000084,0.6129290462
19.65999985,0.6129937768
19.71999931,0.6129254699
19.81999969,0.6128060818
19.87000084,0.6124398112
19.92000008,0.6125014424
19.96999931,0.6124846339
20.02000046,0.6124761105
20.06999969,0.6126039028
20.12000084,0.6123709083
20.17000008,0.6120155454
20.21999931,0.6122836471
20.31999969,0.6120936275
20.37000084,0.6119171977
20.46999931,0.6118316054
20.52000046,0.6119144559
20.56999969,0.6120574474
20.62000084,0.6116617918
20.71999931,0.6116351485
20.77000046,0.6116316915
20.87000084,0.6115085483
20.89999962,0.6115371585
20.96999931,0.6112576127
21.06999969,0.6115040183
21.12000084,0.6112598777
21.17000008,0.6112898588
21.21999931,0.61100173
21.27000046,0.6110537648
21.37000084,0.6110646129
21.52000046,0.6108612418
21.56999969,0.6104897857
21.67000008,0.6105387807
21.68000031,0.6107020378
21.77000046,0.6103249192
21.81999969,0.6104795933
21.92000008,0.6102425456
21.96999931,0.6100218296
22.05999947,0.6099064946
22.12000084,0.6097494364
22.17000008,0.6097954512
22.27000046,0.6096995473
22.31999969,0.6093284488
22.37000084,0.6095378399
22.46999931,0.6093269587
22.52000046,0.6091839671
22.62000084,0.609131813
22.67000008,0.6088674664
22.71999931,0.6089504957
22.77000046,0.6083564758
22.87000084,0.6085578203
22.92000008,0.6084473133
23.02000046,0.6085333228
23.12000084,0.6079588532
23.17000008,0.6077920198
23.27000046,0.6078122854
23.31999969,0.6077577472
23.37000084,0.607367754
23.46999931,0.6073073745
23.56999969,0.6071474552
23.62000084,0.6071047187
23.67000008,0.6071730852
23.77000046,0.6067911386
23.81999969,0.6067405939
23.87000084,0.60680902
23.96999931,0.6063602567
24.02000046,0.606456995
24.12000084,0.6065775156
24.21999931,0.6065587401
24.27000046,0.6067327857
24.37000084,0.6065618396
24.39999962,0.6065149307
24.46999931,0.6067572236
24.52000046,0.6068177819
24.62000084,0.6069732904
24.67000008,0.6074585319
24.77000046,0.6074579358
24.81999969,0.6076056361
24.92000008,0.6076484919
24.96999931,0.6079968214
25.02000046,0.6083678603
25.06999969,0.608723402
25.17000008,0.6088455915
25.18000031,0.6090502143
25.27000046,0.6095600128
25.31999969,0.609885931
25.37000084,0.6102836728
25.42000008,0.6102317572
25.52000046,0.6107677817
25.56999969,0.6116017103
25.62000084,0.611988008
25.67000008,0.6122253537
25.77000046,0.6126419306
25.87000084,0.6134832501
25.92000008,0.6140411496
25.96999931,0.6145406365
26.02000046,0.6149662733
26.12000084,0.6153183579
26.17000008,0.6155897975
26.21999931,0.6159101725
26.31999969,0.6166139245
26.37999916,0.6172181368
26.46999931,0.6180642843
26.52000046,0.6182487607
26.56999969,0.6189856529
26.67000008,0.6191147566
26.77000046,0.6202343702
26.79999924,0.6207315326
26.87000084,0.6212369204
26.92000008,0.6220424771
26.96999931,0.6221741438
27.06999969,0.6229891181
27.15999985,0.6241810918
27.27000046,0.6245762706
27.31999969,0.6257427931
27.42000008,0.6260701418
27.46999931,0.6267027259
27.52000046,0.6275334954
27.62000084,0.6279197931
27.67000008,0.6283244491
27.71999931,0.6290367246
27.81999969,0.6295316815
27.87000084,0.6304717064
27.96999931,0.631562531
28,0.6317724586
28.06999969,0.6324234605
28.12000084,0.6332602501
28.21999931,0.6336429715
28.27000046,0.6352456808
28.36000061,0.6358915567
28.46999931,0.6365460157
28.56999969,0.6376577616
28.62000084,0.6386688948
28.67000008,0.6388098598
28.77000046,0.6394761801
28.87000084,0.6416083574
28.96999931,0.6421065927
29.02000046,0.6429134607
29.12000084,0.6436985731
29.21999931,0.6451172233
29.27000046,0.6461222768
29.37000084,0.6471295357
29.46999931,0.6484405994
29.52000046,0.6493805647
29.56999969,0.6501080394
29.67000008,0.65101403
29.71999931,0.6514857411
29.77000046,0.6521814466
29.81999969,0.6531401873
29.92000008,0.6538401842
29.96999931,0.6556587815
