32.27000046,0.6831374764
32.16999817,0.6830810308
32.02000046,0.6833457351
31.81999969,0.6830134392
31.77000046,0.6830692291
31.67000008,0.6831002235
31.56999969,0.6830670834
31.52000046,0.6826077104
31.46999931,0.6825360656
31.37000084,0.6824789643
31.31999969,0.6823428273
31.27000046,0.6822763681
31.17000008,0.6823458672
31.12000084,0.6818091273
31.04999924,0.6820906401
30.96999931,0.6821758151
30.87000084,0.6819545031
30.77000046,0.6818501353
30.71999931,0.6816515923
30.62000084,0.6817526817
30.56999969,0.6815257072
30.52000046,0.6813337207
30.46999931,0.6813704371
30.42000008,0.6811047196
30.31999969,0.6812949777
30.27000046,0.6812678576
30.17000008,0.6808540225
30.12000084,0.6809087992
30.06999969,0.6806318164
29.96999931,0.6807283163
29.92000008,0.6807377338
29.89999962,0.6807386279
29.81999969,0.6802526712
29.77000046,0.6804103851
29.71999931,0.6803033948
29.62000084,0.6803769469
29.56999969,0.6801029444
29.53000069,0.6801242828
29.46999931,0.6801707149
29.37000084,0.6797439456
29.31999969,0.6795384884
29.27000046,0.67989254
29.21999931,0.6798807979
29.06999969,0.6795333028
29.02000046,0.67949301
28.96999931,0.6793251038
28.92000008,0.6795825362
28.81999969,0.6791671515
28.77000046,0.6791425943
28.67000008,0.6789785624
28.62000084,0.679122448
28.46999931,0.6788694263
28.42000008,0.6787811518
28.31999969,0.6787171364
28.29000092,0.6784042716
28.21999931,0.678583324
28.17000008,0.6783278584
28.06999969,0.6781247854
27.96999931,0.678003788
27.92000008,0.6777033806
27.81999969,0.6778903008
27.67000008,0.677541554
27.62000084,0.6774406433
27.52000046,0.6773145795
27.51000023,0.6769016981
27.42000008,0.6772202849
27.37000084,0.6773074865
27.27000046,0.6769317389
27.17000008,0.6767886281
27.13999939,0.6767812967
27.12000084,0.6768485308
27.02000046,0.6765162945
26.96999931,0.6765338182
26.87000084,0.6764154434
26.81999969,0.6763676405
26.77000046,0.6761428118
26.71999931,0.6763375401
26.67000008,0.6762731075
26.56999969,0.6761592627
26.52000046,0.6759442091
26.46999931,0.6757580638
26.42000008,0.6759423614
26.31999969,0.675675571
26.29999924,0.6758341789
26.21999931,0.6754414439
26.17000008,0.6755431294
26.12000084,0.6753508449
26.06999969,0.675152719
25.92000008,0.675370276
25.81999969,0.6747941375
25.77000046,0.6748735905
25.71999931,0.6749349236
25.62000084,0.6745739579
25.52000046,0.6746569276
25.42000008,0.6745461226
25.37000084,0.6743311286
25.31999969,0.6747229695
25.27000046,0.6741719842
25.17000008,0.6742023826
25.15999985,0.6739683151
25.06999969,0.6739082932
25.02000046,0.6737287045
24.96999931,0.6733140945
24.92000008,0.6737614274
24.87000084,0.6737725139
24.77000046,0.6734157205
24.71999931,0.6735922694
24.62000084,0.6734611988
24.56999969,0.6731544733
24.52000046,0.6735050082
24.42000008,0.6733407378
24.31999969,0.673032999
24.27000046,0.672778964
24.17000008,0.6727817059
24.12000084,0.6726124287
24.06999969,0.6726950407
24.01000023,0.6723192334
23.92000008,0.6725049615
23.87000084,0.6723074913
23.77000046,0.6723962426
23.71999931,0.6718251109
23.67000008,0.6721040606
23.60000038,0.6718775034
23.56999969,0.6718447208
23.46999931,0.6716030836
23.37000084,0.6717098951
23.27000046,0.6716088057
23.21999931,0.6714360714
23.17000008,0.6712813377
23.12000084,0.6711590886
23.02000046,0.6712965965
22.96999931,0.6708703637
22.87000084,0.6706606746
22.84000015,0.6706369519
22.78000069,0.6708257794
22.67000008,0.6707097292
22.62000084,0.6705710888
22.52000046,0.6704144478
22.46999931,0.670312345
22.37000084,0.6700979471
22.31999969,0.6698744893
22.21999931,0.6699083447
22.17000008,0.6694850326
22.06999969,0.6695524454
22.04000092,0.6695450544
22.02000046,0.6693297625
21.92000008,0.6693459153
21.81999969,0.6692268848
21.71999931,0.6691289544
21.67000008,0.6689609885
21.62000084,0.6690247655
21.52000046,0.6687092781
21.46999931,0.6685635448
21.37000084,0.6685370803
21.27000046,0.667994976
21.17000008,0.668135643
21.06999969,0.6678815484
21.02000046,0.6679409742
20.96999931,0.6675581932
20.87000084,0.6674286723
20.77000046,0.6674869061
20.67000008,0.6671575308
20.56999969,0.6670508981
20.52000046,0.6666121483
20.46999931,0.6663538218
20.42000008,0.6666413546
20.31999969,0.6662715077
20.27000046,0.6660373807
20.17000008,0.6660503745
20.06999969,0.6656856537
19.96999931,0.6654552221
19.87000084,0.6652733684
19.81999969,0.6647779942
19.71999931,0.6645742059
19.67000008,0.6645726562
19.63999939,0.6644135714
19.56999969,0.6642977595
19.52000046,0.6641475558
19.46999931,0.6638112068
19.42000008,0.6635627747
19.31999969,0.6636821032
19.27000046,0.6629667282
19.21999931,0.6628139019
19.12000084,0.6628448367
19.06999969,0.6625134945
18.92000008,0.6620624661
18.87000084,0.6616034508
18.86000061,0.6615048647
18.77000046,0.6610894203
18.67000008,0.6608420014
18.56999969,0.6602506638
18.5,0.6600810885
18.46999931,0.6596282721
18.37000084,0.6593224406
18.27000046,0.6592472196
18.17000008,0.6585738659
18.06999969,0.6585759521
18.02000046,0.6576762795
17.92000008,0.657476604
17.87000084,0.6571322083
17.81999969,0.6570442319
17.77000046,0.6565380096
17.67000008,0.6563099623
17.65999985,0.6560100317
17.56999969,0.6555144787
17.52000046,0.655305624
17.46999931,0.6548751593
17.42000008,0.6544905901
17.37000084,0.654284358
17.27000046,0.6538714767
17.21999931,0.6536810398
17.17000008,0.653211534
17.12000084,0.6530536413
17.06999969,0.6524028182
16.96999931,0.6519882679
16.92000008,0.6517661214
16.87000084,0.6514213681
16.77000046,0.6507704258
16.71999931,0.6505944133
16.67000008,0.6501429677
16.56999969,0.6493527889
16.52000046,0.6490833759
16.46999931,0.6486220956
16.42000008,0.6484037042
16.31999969,0.6479782462
16.21999931,0.6469308734
16.12000084,0.6466467977
16.06999969,0.6464340091
16.02000046,0.6455840468
15.92000008,0.6450641155
15.86999989,0.6443945169
15.77000046,0.6439198852
