17.92000008,0.4841783643
18.02000046,0.4838715792
18.12000084,0.4836416841
18.21999931,0.4837369621
18.27000046,0.4834303558
18.31999969,0.4835262597
18.37000084,0.4832296669
18.42000008,0.4833221734
18.46999931,0.4830925167
18.56999969,0.4831437469
18.62000084,0.4829993248
18.67000008,0.4825229645
18.77000046,0.4825967848
18.81999969,0.4823331535
18.87000084,0.4822134674
18.96999931,0.4825007319
19.02000046,0.4823777378
19.06999969,0.4821004868
19.12000084,0.4820920527
19.17000008,0.4820598066
19.27000046,0.482085824
19.31999969,0.482249409
19.42000008,0.4818229675
19.46999931,0.4818705916
19.56999969,0.4818436205
19.67000008,0.4816707373
19.71999931,0.4813252985
19.77000046,0.4813356698
19.84000015,0.4812300503
19.92000008,0.4808763564
19.96999931,0.4812251031
20.06999969,0.4810591638
20.17000008,0.4812714756
20.27000046,0.4811065495
20.31999969,0.4811279476
20.42000008,0.4811513424
20.46999931,0.4808860719
20.52000046,0.4811988771
20.56999969,0.4810841382
20.62999916,0.4809925556
20.71999931,0.4808843434
20.81999969,0.4810072184
20.87000084,0.4809513986
20.92000008,0.4807018042
20.96999931,0.4808641374
21.02000046,0.4807786345
21.06999969,0.4807595015
21.12000084,0.4808580875
21.21999931,0.4806931317
21.31999969,0.4807273448
21.36000061,0.4808226228
21.46999931,0.4809143543
21.52000046,0.4806475639
21.62000084,0.4807879627
21.71999931,0.4803051353
21.77000046,0.4808648825
21.81999969,0.4804955721
21.92000008,0.4804762006
22.02000046,0.4803960025
22.12000084,0.4800955355
22.21999931,0.4805500209
22.27000046,0.4806403518
22.31999969,0.4804939032
22.37000084,0.4805029929
22.46999931,0.4802441299
22.55999947,0.4802862108
22.67000008,0.4807531834
22.71999931,0.4804989994
22.77000046,0.480404377
22.87000084,0.4803700745
22.92000008,0.4801734388
22.96999931,0.4801808894
23.02000046,0.4803686142
23.12000084,0.4803947806
23.17000008,0.4803623855
23.27000046,0.4800807536
23.31999969,0.4802727997
23.38999939,0.480225116
23.46999931,0.4802903533
23.52000046,0.4802515209
23.67000008,0.4803802669
23.77000046,0.480422914
23.81999969,0.4798203111
23.92000008,0.4800308049
23.96999931,0.4801335037
24.12000084,0.4800839424
24.17000008,0.4801855385
24.27000046,0.4801084995
24.37000084,0.4804053307
24.46999931,0.4803557396
24.53000069,0.4802008271
24.56999969,0.4801764488
24.67000008,0.4799234569
24.71999931,0.4800767303
24.77000046,0.4799553156
24.81999969,0.4800442457
24.92000008,0.4798682332
25.02000046,0.4802910984
25.06999969,0.4800593257
25.12000084,0.4800319672
25.17000008,0.4801612198
25.27000046,0.4802123606
25.31999969,0.4799398482
25.35000038,0.4799360037
25.42000008,0.4801340699
25.52000046,0.4802375734
25.62000084,0.4799770713
25.67000008,0.4800100029
25.71999931,0.4799654484
25.77000046,0.4803454578
25.87000084,0.4801498652
25.92000008,0.4799743593
25.96999931,0.4799355865
26.02000046,0.4800077379
26.06999969,0.4798562229
26.17000008,0.4800930619
26.27000046,0.4798590243
26.37000084,0.4800283611
26.46999931,0.4800362885
26.52000046,0.4799295664
26.56999969,0.479591459
26.67000008,0.4800109267
26.77000046,0.4801547229
26.81999969,0.479952395
26.92000008,0.4799321294
26.96999931,0.4798825085
27.06999969,0.4800203443
27.12000084,0.4798213542
27.17000008,0.4798682928
27.21999931,0.4798226058
27.31999969,0.4799633324
27.34000015,0.4800599515
27.42000008,0.4798206687
27.52000046,0.4798766375
27.56999969,0.479860276
27.67000008,0.47997123
27.71999931,0.4799358845
27.77000046,0.4798209667
27.81999969,0.4798667133
27.92000008,0.4799923003
27.96999931,0.4798180461
28.02000046,0.4800308347
28.12000084,0.4800595343
28.12999916,0.4798471332
28.21999931,0.4803003669
28.27000046,0.4798440635
28.37000084,0.4801146984
28.42000008,0.4796676338
28.47999954,0.4799628258
28.56999969,0.4797499776
28.62000084,0.4802219868
28.71999931,0.4799463153
28.77000046,0.4800462425
28.81999969,0.480068624
28.92000008,0.4799325764
28.96999931,0.4799565375
29.02000046,0.4798206687
29.12000084,0.4800748825
29.17000008,0.4802564383
29.27000046,0.4801265597
29.31999969,0.4797672927
29.42000008,0.4799077809
29.46999931,0.4799757302
29.56999969,0.4798699617
29.62000084,0.4798657
29.68000031,0.4798787236
29.71999931,0.4799447358
29.81999969,0.4797913432
29.87000084,0.4799106717
29.96999931,0.4800860584
30.02000046,0.4799995124
30.09000015,0.4798028767
30.17000008,0.4800413549
30.21999931,0.4800411463
30.27000046,0.4799737632
30.37000084,0.4798809886
30.46999931,0.4802445471
30.51000023,0.4800142646
30.56999969,0.4802140296
30.67000008,0.4801959395
30.77000046,0.4800027609
30.81999969,0.4802960157
30.88999939,0.48008883
30.96999931,0.4801876545
31.02000046,0.4802672267
31.17000008,0.4803526998
31.27000046,0.4805271626
31.29000092,0.4806310833
31.37000084,0.4802831411
31.42000008,0.4805131257
31.46999931,0.4804821312
31.56999969,0.4805276096
31.62000084,0.4805674851
31.67000008,0.4804975092
31.71999931,0.4808005393
31.77000046,0.4806700945
31.81999969,0.4810430706
31.96999931,0.4808325469
32.02000046,0.4808928668
32.09000015,0.4810806513
32.16999817,0.4811935127
32.22000122,0.4810042381
32.27000046,0.4812112749
32.36999893,0.481392473
32.41999817,0.4814215004
32.56999969,0.4818676412
32.61999893,0.4820216298
32.66999817,0.4820544124
32.77000046,0.4817328453
32.81999969,0.4821620286
32.86999893,0.4822677076
32.91999817,0.4824480712
32.97000122,0.4821581542
33.06999969,0.4825146496
33.11999893,0.4828191698
33.22000122,0.4827906191
33.27000046,0.4828174114
33.27999878,0.4829477668
33.36999893,0.4831139147
33.47000122,0.4833218157
33.52000046,0.4833706617
33.61999893,0.483507961
33.63999939,0.4836112559
33.66999817,0.4838493764
33.77000046,0.4842004478
