36.77000046,0.5126327276
36.72000122,0.5130025148
36.52000046,0.5136651993
36.36999893,0.5138288736
36.31999969,0.5144427419
36.29999924,0.5146266222
36.27000046,0.5149974823
36.22000122,0.5153228641
36.16999817,0.5154138207
36.06999969,0.5160452127
36.02000046,0.5161001086
35.95000076,0.5163683295
35.86999893,0.5168252587
35.81999969,0.5169021487
35.77000046,0.5170478821
35.66999817,0.5175392032
35.56999969,0.5177518725
35.56000137,0.5179513097
35.47000122,0.5177459121
35.41999817,0.5183167458
35.31999969,0.5180419087
35.22000122,0.5185642838
35.16999817,0.5187872648
35.06999969,0.518640399
34.97000122,0.5187757611
34.91999817,0.5191702843
34.86999893,0.5188927054
34.81999969,0.5190753341
34.77000046,0.5190034509
34.61999893,0.5187084079
34.56999969,0.5189031959
34.52000046,0.5191546082
34.47000122,0.5192239881
34.36999893,0.5191290379
34.31999969,0.5192816854
34.27000046,0.5193423629
34.16999817,0.5189625621
34.11999893,0.519048214
33.97000122,0.519079864
33.91999817,0.5194589496
33.86999893,0.5191836953
33.77000046,0.5193462968
33.72000122,0.5191857219
33.66999817,0.5191171169
33.61999893,0.5191731453
33.56999969,0.5191228986
33.47000122,0.5190719366
33.41999817,0.5192739367
33.36999893,0.519041419
33.27000046,0.5190648437
33.20999908,0.5193248987
33.11999893,0.5191329718
32.97000122,0.5187597275
32.91999817,0.5188872218
32.86999893,0.5187699199
32.81999969,0.5189176798
32.75999832,0.5184780359
32.66999817,0.5186501741
32.61999893,0.5184153914
32.56999969,0.518437922
32.52000046,0.5182771683
32.41999817,0.518353343
32.36999893,0.518358171
32.31999969,0.5181578398
32.27000046,0.5181838274
32.22000122,0.5183233023
32.16999817,0.5180919766
32.06999969,0.5180831552
32,0.5178011656
31.92000008,0.5177597404
31.87000084,0.5175184011
31.77000046,0.5175948739
31.67000008,0.5174256563
31.62999916,0.5173140764
31.52000046,0.5173771381
31.37000084,0.5173202157
31.31999969,0.5170157552
31.27000046,0.516854465
31.21999931,0.5170277953
31.12000084,0.5167614818
31.06999969,0.5168386102
31.02000046,0.5165184736
30.92000008,0.5167552233
30.87000084,0.5166471004
30.79000092,0.5163059235
30.71999931,0.5161687136
30.67000008,0.5165175796
30.56999969,0.5163007379
30.52000046,0.5161343217
30.42000008,0.5163112283
30.31999969,0.5157655478
30.21999931,0.5160779357
30.17000008,0.5160650015
30.12999916,0.5156056285
30.12000084,0.5157005191
30.02000046,0.5155098438
29.92000008,0.515432179
29.87000084,0.5154470205
29.81999969,0.515563786
29.77000046,0.5155225396
29.71999931,0.5151324868
29.62000084,0.5153968334
29.57999992,0.5151299238
29.46999931,0.515243113
29.42000008,0.5148374438
29.37000084,0.5149620175
29.29999924,0.5147785544
29.21999931,0.5147045851
29.18000031,0.5147222281
29.12000084,0.514749527
29.02000046,0.5146868825
28.96999931,0.5143889785
28.87000084,0.5145407915
28.80999947,0.5146396756
28.71999931,0.5144492388
28.67000008,0.5144920945
28.62000084,0.5145109296
28.56999969,0.5140147805
28.46999931,0.5142320991
28.45000076,0.5139166117
28.37000084,0.5137329102
28.27000046,0.5140968561
28.17000008,0.5138708353
28.12000084,0.5138688087
28.06999969,0.5134892464
27.96999931,0.5136987567
27.92000008,0.5133519173
27.81999969,0.5134392977
27.67000008,0.5135600567
27.62000084,0.5131186843
27.56999969,0.5129514337
27.46999931,0.5131239295
27.42000008,0.5130367875
27.37000084,0.5127355456
27.31999969,0.5129618049
27.21999931,0.5128634572
27.12000084,0.5127188563
27.02000046,0.5122330189
26.92000008,0.5123203993
26.87000084,0.5122569799
26.77000046,0.5120388269
26.71999931,0.5120362639
26.62000084,0.5119844675
26.56999969,0.5119200945
26.52000046,0.5118269324
26.46999931,0.5115609765
26.39999962,0.5117865801
26.31999969,0.5114994049
26.27000046,0.5115873814
26.21999931,0.5112652779
26.17000008,0.5114245415
26.12000084,0.511213243
26.02000046,0.5110938549
25.98999977,0.5109639168
25.92000008,0.5107462406
25.87000084,0.5107466578
25.77000046,0.5109671354
25.71999931,0.5105175972
25.62000084,0.5102927089
25.52000046,0.5101745725
25.42000008,0.5102316737
25.31999969,0.510070622
25.27000046,0.51004076
25.20999908,0.509439528
25.12000084,0.5097314715
25.06999969,0.5093253851
25.02000046,0.5093687177
24.96999931,0.5091289878
24.92000008,0.5088369846
24.81999969,0.508777082
24.77000046,0.5085679293
24.67000008,0.5085615516
24.62000084,0.5082347989
24.52000046,0.5083338022
24.47999954,0.5083235502
24.42000008,0.5079632401
24.37000084,0.5077335238
24.31999969,0.5077548623
24.21999931,0.5074813366
24.17000008,0.5075087547
24.06999969,0.5069151521
24.02000046,0.5065491199
23.96999931,0.5071421862
23.81999969,0.5067403316
23.77000046,0.5063273907
23.71999931,0.5060995817
23.67000008,0.5061239004
23.62000084,0.5060341954
23.52000046,0.5056565404
23.42000008,0.505738914
23.37000084,0.5050401688
23.27000046,0.5051671863
23.21999931,0.5050172806
23.17000008,0.5046788454
23.12000084,0.5045791864
23.02000046,0.5045788288
22.96999931,0.5043784976
22.92000008,0.504034698
22.87999916,0.5039123893
22.77000046,0.5039182901
22.67000008,0.5031227469
22.56999969,0.5031692982
22.52000046,0.5029227734
22.5,0.5025146604
22.46999931,0.5024489164
22.37000084,0.5023521185
22.31999969,0.5022346973
22.27000046,0.5017610192
22.21999931,0.5017281771
22.12000084,0.501540482
22.11000061,0.5015811324
22.02000046,0.5012562871
21.92000008,0.5007831454
21.81999969,0.5009304881
21.71999931,0.5003672838
21.65999985,0.4999268949
21.56999969,0.4996694326
21.52000046,0.4993405044
21.42000008,0.499240905
21.31999969,0.4991298318
21.29999924,0.4987570345
21.21999931,0.498431921
21.12000084,0.4982941151
21.06999969,0.4980017245
20.96999931,0.4976457059
20.92000008,0.4974972308
20.81999969,0.4970928729
20.71999931,0.4970389009
