36.86999893,0.5172191858
36.61999893,0.5170257092
36.47000122,0.517239213
36.41999817,0.5172612667
36.36999893,0.5173308253
36.31999969,0.5174412131
36.27000046,0.5176884532
36.22000122,0.5173404813
36.16999817,0.51756984
36.06999969,0.5175232291
36.02000046,0.5175944567
35.91999817,0.5177639723
35.81999969,0.5177156925
35.77000046,0.5178821087
35.66999817,0.5176143646
35.59999847,0.5179293156
35.52000046,0.5177330375
35.47000122,0.5177422166
35.41999817,0.5177506804
35.36999893,0.5176469088
35.27000046,0.518260777
35.20000076,0.5180947185
35.16999817,0.5178807378
35.06999969,0.5177748799
34.97000122,0.5178315639
34.91999817,0.518140018
34.81999969,0.5178306699
34.77000046,0.5179388523
34.72000122,0.5178285837
34.61999893,0.5178537965
34.56999969,0.5180501938
34.52000046,0.5178257227
34.41999817,0.5178586841
34.36999893,0.5175893307
34.27000046,0.5176170468
34.16999817,0.5176575184
34.11999893,0.5177536607
34.02000046,0.5178930163
33.91999817,0.5178786516
33.81999969,0.5176247954
33.77000046,0.517485559
33.66999817,0.5177870393
33.52000046,0.5173932314
33.47000122,0.5176925063
33.36999893,0.5176087618
33.27000046,0.5175052881
33.22000122,0.5174882412
33.11999893,0.5175898075
33.02000046,0.5176127553
32.91999817,0.5172939301
32.81999969,0.5176738501
32.81000137,0.5174440145
32.66999817,0.5172300935
32.61999893,0.5172324777
32.52000046,0.5172771215
32.41999817,0.5174639821
32.40000153,0.5172381401
32.31999969,0.5172653198
32.22000122,0.5172325969
32.16999817,0.5173843503
32.11999893,0.5172303915
32.09999847,0.5174398422
31.96999931,0.517267406
31.87000084,0.5172763467
31.71999931,0.5172017217
31.67000008,0.5170883536
31.64999962,0.5169829726
31.62000084,0.5169183016
31.52000046,0.5168538094
31.37000084,0.5169815421
31.25,0.5169811249
31.21999931,0.5171219707
31.06999969,0.5169658065
31.02000046,0.5170634985
30.96999931,0.5168219209
30.88999939,0.5166018605
30.77000046,0.516772449
30.67000008,0.5166482925
30.62000084,0.5170108676
30.56999969,0.5167418718
30.52000046,0.5168977976
30.46999931,0.516772449
30.37000084,0.5168772936
30.27000046,0.5167658329
30.21999931,0.5167329907
30.17000008,0.5167131424
30.06999969,0.5167317986
30.04999924,0.5166389942
30.02000046,0.516690135
29.87000084,0.5166383982
29.77000046,0.5166401863
29.71999931,0.5166085958
29.60000038,0.5167326331
29.56999969,0.5166250467
29.42000008,0.5166214705
29.37000084,0.5164623857
29.27000046,0.5164148808
29.26000023,0.5164033771
29.17000008,0.5164146423
29.02000046,0.5165895224
28.96999931,0.5162913799
28.92000008,0.516233325
28.86000061,0.5165191889
28.81999969,0.5162379742
28.67000008,0.5162767172
28.62000084,0.516158998
28.52000046,0.5164715648
28.5,0.516390264
28.37000084,0.5166983604
28.27000046,0.5160942078
28.21999931,0.5163604617
28.15999985,0.5164005756
28.06999969,0.5166807771
28.02000046,0.5162067413
27.92000008,0.5165630579
27.77000046,0.5162345171
27.71999931,0.5160986185
27.67000008,0.5163301229
27.62000084,0.5162145495
27.46999931,0.5162879825
27.42000008,0.5163853168
27.27000046,0.5161454678
27.21999931,0.5161522031
27.17000008,0.5162259936
27.06999969,0.5160982609
26.92000008,0.5160264969
26.81999969,0.516174376
26.77000046,0.5160427094
26.71999931,0.5159318447
26.62000084,0.5161901712
26.56999969,0.5158255696
26.46999931,0.5159150958
26.42000008,0.5160056949
26.37000084,0.5158467293
26.27000046,0.5157563686
26.21999931,0.5158601403
26.06999969,0.515899837
26.02000046,0.5158207417
25.96999931,0.5158067346
25.92000008,0.5158933401
25.77000046,0.5160961151
25.71999931,0.5157288313
25.67000008,0.5158310533
25.56999969,0.515794158
25.52000046,0.5157117248
25.42000008,0.5159826279
25.37000084,0.5155097842
25.30999947,0.5155759454
25.27000046,0.5159686804
25.17000008,0.5157868266
25.12000084,0.5156167746
25.02000046,0.5156412125
24.96999931,0.5154876709
24.92000008,0.5155624151
24.87000084,0.5157080889
24.81999969,0.5156514645
24.71999931,0.5156578422
24.62000084,0.5154681206
24.56999969,0.5155605674
24.54000092,0.5157480836
24.42000008,0.5153977871
24.31999969,0.5152032375
24.27000046,0.5154064894
24.17000008,0.5155268312
24.12000084,0.5151601434
24.02000046,0.5151860714
23.96999931,0.515563786
23.87000084,0.5152688026
23.77000046,0.5150313377
23.67000008,0.5152633786
23.62000084,0.5152631998
23.52000046,0.515265286
23.42000008,0.5152764916
23.31999969,0.5152388215
23.27000046,0.5153132081
23.21999931,0.5149613023
23.12000084,0.5149870515
23.02000046,0.5150173903
22.92000008,0.5151540637
22.81999969,0.5149254799
22.77000046,0.514852047
22.71999931,0.5151890516
22.67000008,0.5146865249
22.62000084,0.5151234269
22.52000046,0.5147000551
22.42000008,0.514835
22.37000084,0.514790833
22.31999969,0.5147043467
22.17000008,0.5142875314
22.12000084,0.5144790411
22.02000046,0.5145049095
21.96999931,0.5146493316
21.81999969,0.5146521926
21.77000046,0.5147129297
21.76000023,0.5142278075
21.71999931,0.5146104097
21.56999969,0.5144507289
21.46999931,0.5142827034
21.42000008,0.5144256949
21.31999969,0.5141150355
21.21999931,0.5143216252
21.17000008,0.5143063068
21.12000084,0.5139893293
21.06999969,0.5142431259
20.92000008,0.5143979788
20.81999969,0.5139977932
20.77000046,0.5138110518
20.71999931,0.5139368773
20.62000084,0.5140163898
20.55999947,0.5137401819
20.46999931,0.5137916803
20.42000008,0.5138111115
20.31999969,0.513889432
20.21999931,0.5137327313
20.17000008,0.5135481954
20.06999969,0.5136283636
20.02000046,0.5135781765
19.92000008,0.5135905147
19.81999969,0.5132883191
19.77000046,0.5133117437
19.71999931,0.5133687854
19.62000084,0.5133811235
19.56999969,0.5132837892
19.46999931,0.5132501125
19.42000008,0.5132300854
19.37000084,0.5134407282
19.31999969,0.5128724575
19.27000046,0.5134090781
19.17000008,0.5129559636
19.12000084,0.5129867196
19.03000069,0.5128979087
18.96999931,0.5126204491
18.87000084,0.5128920078
18.77000046,0.5127102733
18.71999931,0.5126888156
18.65999985,0.5127910972
18.62000084,0.5127625465
18.56999969,0.5126642585
18.42000008,0.5129909515
18.27000046,0.5124332905
18.17000008,0.5123217702
18.12000084,0.5123772025
17.96999931,0.5123009682
17.92000008,0.5121382475
17.87000084,0.5121711493
17.81999969,0.511983037
17.71999931,0.5121786594
17.67000008,0.5121577382
17.62000084,0.5121164322
17.46999931,0.511801064
17.31999969,0.5119286776
17.21999931,0.5118508339
17.17000008,0.5114004016
17.12000084,0.5115045309
17.07999992,0.5117485523
17.02000046,0.5114304423
16.92000008,0.5115798712
16.81999969,0.5114321113
16.71999931,0.5113653541
16.68000031,0.5111116767
16.67000008,0.5112025738
16.52000046,0.5115385652
16.42000008,0.5109436512
16.37000084,0.5111675262
16.27000046,0.5110408664
16.21999931,0.5108872652
16.06999969,0.5109115839
16.02000046,0.5111874342
15.97000027,0.5110359788
15.84000015,0.5105726719
15.77000046,0.5106520653
15.72000027,0.5109183192
15.61999989,0.510461092
15.56999969,0.5105466843
15.52000046,0.5105275512
15.5,0.5105649233
15.43999958,0.5106754899
15.36999989,0.5104873776
15.31999969,0.5104446411
15.22000027,0.5106239319
15.11999989,0.5103273392
15.07999992,0.5102198124
14.97000027,0.5100818276
14.92000008,0.5102097988
14.81999969,0.5103626251
14.77000046,0.510217011
14.67000008,0.5102275014
14.61999989,0.5103351474
14.52000046,0.5103137493
14.47000027,0.5104896426
14.31999969,0.5100158453
14.28999996,0.509976387
14.22000027,0.5101403594
14.11999989,0.5102777481
13.97000027,0.5101459026
13.92000008,0.5101289749
13.77000046,0.510214746
13.72000027,0.51005584
13.56999969,0.5101851821
13.5,0.5103598833
13.42000008,0.5099385381
13.36999989,0.5102646947
13.27000046,0.5101372004
13.17000008,0.5101687908
13.14000034,0.5099791884
13.06999969,0.5098599195
12.97000027,0.5100095868
12.86999989,0.5097821951
12.81999969,0.5100614429
12.61999989,0.5098808408
12.52000046,0.5097002387
12.36999989,0.509847641
12.34000015,0.5095549822
12.31999969,0.5098106861
12.22000027,0.5097801089
12.06999969,0.5096719265
11.97000027,0.5097787976
11.92000008,0.5099738836
11.81999969,0.509683609
11.77000046,0.5096921921
11.72000027,0.5095766783
11.67000008,0.509622395
11.56999969,0.5097101927
11.47000027,0.509806633
11.42000008,0.5097962618
11.36999989,0.5097784996
11.31999969,0.5097735524
11.22000027,0.5097070336
11.11999989,0.5098977089
11.06999969,0.509581387
11.02000046,0.5095871687
10.92000008,0.5095871687
10.81999969,0.5098385215
10.76000023,0.5095163584
10.72000027,0.5095354915
10.56999969,0.5095252395
10.42000008,0.5096396804
10.36999989,0.5097227097
10.27000046,0.5097928643
10.17000008,0.509503603
10.11999989,0.5096295476
10.06999969,0.5095473528
10.02000046,0.5096358657
