40.16999817,0.3397324681
40.02000046,0.3403348029
39.91999817,0.3408647478
39.81999969,0.3416390717
39.77000046,0.3421181142
39.72000122,0.3429143131
39.66999817,0.3431802392
39.61999893,0.3439145088
39.52000046,0.3439044654
39.47999954,0.3445127308
39.41999817,0.3449125886
39.31999969,0.3453087509
39.27000046,0.3456065655
39.22000122,0.3458025753
39.16999817,0.3456740677
39.06999969,0.3462187648
39.02000046,0.3460695148
38.97000122,0.3463408053
38.86999893,0.3465698957
38.81999969,0.3464891016
38.72000122,0.3468163311
38.63999939,0.3472002745
38.52000046,0.3473514616
38.47000122,0.3472602665
38.36999893,0.3474998772
38.27000046,0.3474217057
38.25999832,0.3474991918
38.22000122,0.3476544321
38.11999893,0.3476830423
38.02000046,0.347923398
37.97000122,0.3477555513
37.91999817,0.3477274477
37.86999893,0.347858429
37.77000046,0.3478611708
37.66999817,0.3477278054
37.56999969,0.3479337394
37.52000046,0.3479481041
37.49000168,0.3476304114
37.41999817,0.3477680981
37.31999969,0.3478206694
37.27000046,0.3476923704
37.16999817,0.3473550081
37.06999969,0.3476353288
37.04000092,0.3475753367
36.97000122,0.3476482034
36.86999893,0.3474609554
36.81999969,0.3473984599
36.77000046,0.3471224904
36.72000122,0.347201556
36.66999817,0.3471754193
36.56999969,0.3468512893
36.47000122,0.3469700813
36.41999817,0.3468883932
36.31999969,0.3466845751
36.27000046,0.3465503156
36.22000122,0.3465158939
36.11999893,0.3466228247
36.06999969,0.3464566767
36.02000046,0.3462985158
35.91999817,0.3462523222
35.81999969,0.3460239172
35.77000046,0.3459691703
35.66999817,0.3457178175
35.61999893,0.3455993533
35.56999969,0.3453353345
35.52000046,0.3453252912
35.41999817,0.3448237181
35.31999969,0.3450575173
35.27000046,0.3446503878
35.16999817,0.3448002636
35.06999969,0.3444612622
35.04999924,0.3443040252
35.02000046,0.3442131877
34.91999817,0.3441141546
34.81999969,0.3441988528
34.77000046,0.3439706266
34.72000122,0.3436745405
34.66999817,0.3435836732
34.56999969,0.3436862826
34.52000046,0.3438019753
34.47000122,0.3433659375
34.41999817,0.3430994749
34.31999969,0.3430211246
34.27000046,0.3427123427
34.22000122,0.3427381814
34.16999817,0.3428328931
34.06999969,0.342692703
34.02000046,0.3425086141
33.97000122,0.3423985541
33.90999985,0.342305243
33.81999969,0.3421532214
33.72000122,0.3421187699
33.61999893,0.3419164419
33.56999969,0.341676414
33.52000046,0.3416756988
33.47000122,0.3417257369
33.31999969,0.3417090476
33.27000046,0.34116292
33.16999817,0.3412286341
33.11999893,0.3410056233
33.06999969,0.3409875035
32.97000122,0.3409337401
32.91999817,0.3407460749
32.86999893,0.3404236138
32.77000046,0.3406895697
32.68999863,0.34018296
32.61999893,0.3402075469
32.52000046,0.3401704133
32.47000122,0.3396749496
32.41999817,0.3396754563
32.36999893,0.3398484886
32.31999969,0.3395291865
32.22000122,0.3395285606
32.11999893,0.3391406238
32.06999969,0.3392034769
31.96999931,0.338925302
31.87000084,0.3391414285
31.85000038,0.3387182951
31.77000046,0.3386323154
31.67000008,0.3383486569
31.62000084,0.3383806646
31.56999969,0.338201791
31.52000046,0.3384484053
31.45999908,0.3380521834
31.37000084,0.3378278315
31.27000046,0.3377747238
31.21999931,0.3374681473
31.12000084,0.3373743296
31.06999969,0.3374039233
31.02000046,0.3372766078
30.96999931,0.3369930387
30.92000008,0.3370106816
30.81999969,0.3367829621
30.71999931,0.3364889324
30.70999908,0.3366222382
30.62000084,0.3364915848
30.56999969,0.3363399804
30.46999931,0.3359436691
30.42000008,0.335664928
30.37000084,0.3357732296
30.31999969,0.3357045949
30.17000008,0.33541587
30.12000084,0.3348997235
30.06999969,0.3345626295
29.96999931,0.3347349167
29.92000008,0.3342930973
29.87000084,0.33428967
29.77000046,0.3340713084
29.71999931,0.3337771893
29.67000008,0.3337372541
29.56999969,0.3333402872
29.54999924,0.3333581686
29.46999931,0.3333371282
29.42000008,0.3325734437
29.37000084,0.3325022459
29.27000046,0.3324517906
29.21999931,0.3321476281
29.17000008,0.3319823146
29.12000084,0.331702292
29.02000046,0.3314615488
28.96999931,0.3311876953
28.92000008,0.3309480846
28.81999969,0.3306131661
28.77000046,0.3305150568
28.71999931,0.3304178119
28.62000084,0.3301961422
28.56999969,0.3298357427
28.52000046,0.3295220733
28.46999931,0.3294017911
28.37000084,0.3289110363
28.34000015,0.3287010491
28.21999931,0.3283998966
28.17000008,0.3278792799
28.02000046,0.3277459443
27.96999931,0.3274153471
27.92000008,0.3272875249
27.81999969,0.3272128105
27.77000046,0.3265573382
27.67000008,0.3260308802
27.56999969,0.3257685602
27.55999947,0.3255392313
27.5,0.3251567781
27.42000008,0.3247986436
27.31999969,0.3247318566
27.27000046,0.3244813681
27.17000008,0.3238283396
27.12000084,0.3236267567
27.02000046,0.3234684467
26.96999931,0.3229482472
26.87000084,0.3226268589
26.81999969,0.3222856224
26.77000046,0.3221309185
26.71999931,0.3214835227
26.62000084,0.3217450678
26.56999969,0.3212199509
26.46999931,0.3204953671
26.37000084,0.3205372095
26.35000038,0.3203335404
26.27000046,0.3197226822
26.21999931,0.3193439245
26.12000084,0.3190330267
26.06999969,0.3189566135
26.02000046,0.3184947968
25.92000008,0.3180789053
25.87000084,0.3180467188
25.82999992,0.3176023066
25.77000046,0.3173047304
25.67000008,0.3170678616
25.62000084,0.3165372312
25.56999969,0.316772908
25.46999931,0.3161484301
25.42000008,0.3158382475
25.37000084,0.3156291246
25.31999969,0.3151838183
25.27000046,0.3150471747
25.20000076,0.3150040507
25.13999939,0.3144109249
25.06999969,0.3140503168
25.02000046,0.3138690293
24.92000008,0.3137080669
24.81999969,0.3133611083
24.77000046,0.3130374253
24.71999931,0.3127066493
24.67000008,0.3124588132
24.62000084,0.3122505546
24.56999969,0.3120143414
24.46999931,0.3117968142
24.42000008,0.3113654256
24.37000084,0.3112520576
