50.02000046,0.6618158817
49.91999817,0.6622462273
49.61999893,0.6624503136
49.47000122,0.662582159
49.38999939,0.6628380418
49.31999969,0.6629986763
49.27000046,0.6629638672
49.16999817,0.6629810929
49.06999969,0.6628862619
48.97000122,0.6629031301
48.86999893,0.6627429724
48.81999969,0.6625145674
48.72000122,0.6624901891
48.70000076,0.6624543071
48.61999893,0.6622055769
48.56999969,0.6622964144
48.52000046,0.6622451544
48.41999817,0.661981225
48.31999969,0.6620178819
48.29999924,0.6619038582
48.25999832,0.6620721221
48.16999817,0.6616326571
48.11999893,0.6617920399
47.97000122,0.6619862914
47.91999817,0.6616737247
47.86999893,0.6620493531
47.81999969,0.6619387269
47.77000046,0.661700666
47.66999817,0.6618354321
47.61999893,0.6616258621
47.52000046,0.6619946361
47.47000122,0.6617527604
47.36999893,0.6622759104
47.27000046,0.6619313359
47.22000122,0.6621677279
47.13999939,0.6620284915
47.06999969,0.662315011
47.02000046,0.6620407701
46.91999817,0.6621473432
46.81999969,0.6622105241
46.75999832,0.6623340845
46.66999817,0.6626618505
46.61999893,0.6624320745
46.56999969,0.6625609994
46.52000046,0.6626246572
46.41999817,0.662519455
46.36999893,0.6626181602
46.36000061,0.662709713
46.27000046,0.6628159285
46.22000122,0.6627756953
46.11999893,0.6629923582
45.97000122,0.6629064083
45.91999817,0.6628411412
45.86999893,0.6632230878
45.77000046,0.6630758047
45.61999893,0.6631681323
45.54999924,0.663225472
45.47000122,0.6631797552
45.41999817,0.6634063721
45.31999969,0.6635970473
45.27000046,0.6637279391
45.16999817,0.6630386114
45.11999893,0.6634398699
45.02000046,0.6635242105
44.91999817,0.6634564996
44.86999893,0.6633600593
44.81999969,0.663778007
44.77000046,0.6635165811
44.66999817,0.6636420488
44.61999893,0.6634579301
44.56999969,0.6632887125
44.52000046,0.6633951068
44.41999817,0.6634847522
44.36999893,0.6634239554
44.34000015,0.6634010077
44.27000046,0.6636191607
44.16999817,0.6637140512
44.06999969,0.6634453535
43.97000122,0.6634688377
43.91999817,0.6632267833
43.86999893,0.6634547114
43.81999969,0.6635225415
43.72000122,0.6632415652
43.66999817,0.6633998156
43.56999969,0.6630945802
43.5,0.6631379128
43.41999817,0.6632848382
43.36999893,0.6634908915
43.27000046,0.6632152796
43.22000122,0.6631033421
43.11999893,0.6630427241
43.02000046,0.6627351642
42.91999817,0.662863493
42.81999969,0.662956059
42.79999924,0.6629154086
42.72000122,0.6630418897
42.66999817,0.662453711
42.61999893,0.6632260084
42.56999969,0.6628649831
42.47000122,0.6627756357
42.41999817,0.6629322171
42.36999893,0.6628676653
42.27000046,0.6627431512
42.22000122,0.6628491282
42.11999893,0.6623242497
42.06999969,0.6623597741
42.02000046,0.6623710394
41.97000122,0.6622973084
41.81999969,0.6626146436
41.72000122,0.6621407866
41.66999817,0.6625305414
41.59999847,0.6624004245
41.52999878,0.661990881
41.47000122,0.661862731
41.31999969,0.6621238589
41.22000122,0.6621982455
41.16999817,0.6619949937
41.11999893,0.6619104147
41.02000046,0.6619249582
40.91999817,0.6617264152
40.86999893,0.6615061164
40.81999969,0.6617141962
40.77000046,0.6615829468
40.61999893,0.6615185142
40.56999969,0.6616945863
40.52000046,0.6613063216
40.47000122,0.6612750888
40.36999893,0.6613305807
40.27000046,0.6612301469
40.22000122,0.6613756418
40.11999893,0.6611202359
40.02000046,0.6611994505
39.95000076,0.6608370543
39.86999893,0.6606186032
39.77000046,0.660702467
39.72000122,0.6604366302
39.66999817,0.6605761647
39.61999893,0.6602829099
39.56999969,0.6603813171
39.47000122,0.6602032781
39.41999817,0.6601049304
39.36999893,0.659948051
39.27000046,0.6603081226
39.22000122,0.6598893404
39.18999863,0.6598961949
39.06999969,0.6598628163
39.02000046,0.6598671675
38.97000122,0.6596592069
38.91999817,0.6596369147
38.77000046,0.6595236659
38.72000122,0.6594612598
38.61999893,0.6592485905
38.52000046,0.6588823199
38.41999817,0.6588491797
38.31999969,0.6587148905
38.27000046,0.6583833098
38.16999817,0.6584741473
38.11999893,0.6583054066
38.02000046,0.6581321359
37.97999954,0.6581633091
37.91999817,0.6582779288
37.86999893,0.6577140689
37.77000046,0.6574492455
37.72000122,0.6577660441
37.61999893,0.6576728225
37.56000137,0.6574912667
37.47000122,0.6572344303
37.36999893,0.6572259068
37.31999969,0.6568350792
37.27000046,0.6567637324
37.16999817,0.656431675
37.15999985,0.656532228
37.06999969,0.6562776566
37.02000046,0.6561065912
36.91999817,0.6561936736
36.81999969,0.6558719873
36.81000137,0.6556669474
36.77000046,0.6557046771
36.66999817,0.6554223299
36.61999893,0.6553243995
36.56999969,0.6553775668
36.47000122,0.6550630331
36.41999817,0.6549184918
36.38000107,0.6547143459
36.31999969,0.6545936465
36.22000122,0.6543439627
36.11999893,0.654291749
36.02000046,0.6540708542
36.00999832,0.6539478898
35.91999817,0.6534211636
35.86999893,0.6536841989
35.81999969,0.6534215212
35.72000122,0.6533889174
35.61999893,0.6527955532
35.58000183,0.6529200673
35.52000046,0.6525334716
35.41999817,0.6525256038
35.36999893,0.6523557305
35.31999969,0.652132988
35.27000046,0.6516348124
35.22000122,0.6517184377
35.16999817,0.6515547633
35.06999969,0.6515276432
35.02000046,0.65090096
34.86999893,0.6511952281
34.81999969,0.6505090594
34.77000046,0.650403738
34.66999817,0.650234282
34.61999893,0.6501209736
34.56999969,0.6497836113
34.47000122,0.6496189237
34.36999893,0.6495662928
34.27000046,0.649286747
34.16999817,0.6488273144
34.06999969,0.6484923959
34.02000046,0.6483381391
33.95999908,0.6484040618
33.86999893,0.6481597424
33.81999969,0.6478424668
33.77000046,0.6475976706
33.72000122,0.6471779346
33.66999817,0.6473907828
33.61999893,0.647236228
33.56999969,0.6471134424
33.52000046,0.6466258764
33.41999817,0.6467796564
33.31999969,0.6464537978
33.22000122,0.6460847259
33.20000076,0.6463127732
33.06999969,0.645830512
33.02000046,0.6455335617
32.97000122,0.6454318166
32.91999817,0.6455131173
32.86999893,0.6449435949
32.84000015,0.6448153257
32.77999878,0.6447958946
32.72000122,0.6447295547
32.61999893,0.644644618
32.56999969,0.6445561051
32.47000122,0.6440442801
32.41999817,0.6440141201
32.36999893,0.6435732841
32.27000046,0.6434857845
32.22000122,0.643466413
32.16999817,0.6430507898
32.06999969,0.6430557966
32.04000092,0.6428743005
31.96999931,0.6429355145
31.92000008,0.6427224278
31.81999969,0.6421578526
31.77000046,0.6420764327
31.71999931,0.6419658065
31.62000084,0.6418570876
31.60000038,0.6415089369
31.52000046,0.6416835189
31.5,0.6412785649
31.42000008,0.6412516832
31.31999969,0.6408003569
31.27000046,0.6407424212
31.20000076,0.640588522
31.12000084,0.640116632
31.06999969,0.6402283311
30.96999931,0.6398069859
30.87000084,0.6396867633
30.84000015,0.6391303539
30.77000046,0.6390846372
30.67000008,0.6392529011
30.62000084,0.6388799548
30.52000046,0.6384695768
30.42000008,0.6378808022
30.38999939,0.6381525397
30.31999969,0.6377400756
30.21999931,0.6374300718
30.17000008,0.6373412609
30.06999969,0.6365249753
30.02000046,0.6365843415
29.87000084,0.6362118125
29.81999969,0.6355273128
29.77000046,0.6353904605
29.71999931,0.6352629662
29.67000008,0.6348394156
29.60000038,0.634781003
29.56999969,0.6345551014
29.46999931,0.634168148
29.37000084,0.6337846518
29.27000046,0.6336528659
29.21999931,0.6326974034
29.12000084,0.6323003173
29.02000046,0.6317273974
