33.77000046,0.5301735401
33.52000046,0.5303246975
33.41999817,0.5304643512
33.31999969,0.5306531787
33.27999878,0.5311567783
33.22000122,0.5311805606
33.16999817,0.531529665
33.06999969,0.5315553546
33.02000046,0.5317898393
32.97000122,0.531920135
32.91999817,0.5317080617
32.86999893,0.5318126678
32.81999969,0.5319945812
32.72000122,0.5320154428
32.66999817,0.532379508
32.56999969,0.5321587324
32.47999954,0.5324816108
32.41999817,0.532460928
32.27000046,0.5324382186
32.22000122,0.5325677395
32.11999893,0.53273803
32.08000183,0.5324134231
32.02000046,0.5326982737
31.92000008,0.5326094627
31.87000084,0.532804966
31.77000046,0.5328780413
31.71999931,0.5328567028
31.62000084,0.5325615406
31.56999969,0.532621026
31.46999931,0.5327791572
31.42000008,0.532579422
31.31999969,0.5326994658
31.27000046,0.5328037143
31.17000008,0.5327023864
31.06999969,0.5328055024
30.96999931,0.5323182344
30.92000008,0.5328145027
30.87000084,0.5327604413
30.86000061,0.5325051546
30.81999969,0.5322670341
30.71999931,0.5325651169
30.67000008,0.5325376987
30.52000046,0.5320261717
30.5,0.5323079824
30.42000008,0.5320545435
30.31999969,0.5320757031
30.17000008,0.532299161
30.12000084,0.5321993232
30.06999969,0.5319926143
30.02000046,0.5320808887
29.92000008,0.5318850279
29.87000084,0.5319633484
29.77000046,0.5318610668
29.71999931,0.531906426
29.62000084,0.5317580104
29.56999969,0.5316100717
29.52000046,0.5316450596
29.42000008,0.5314077735
29.37000084,0.5313830376
29.27000046,0.5312455297
29.21999931,0.5313632488
29.17000008,0.531314373
29.12000084,0.5313633084
29.06999969,0.5312808752
28.96999931,0.5311027169
28.92000008,0.5311716199
28.86000061,0.5312032104
28.77000046,0.5311333537
28.67000008,0.5312024355
28.56999969,0.5310627818
28.51000023,0.531046927
28.42000008,0.5308711529
28.37000084,0.5308446288
28.31999969,0.5306438804
28.27000046,0.5309004784
28.21999931,0.5305837989
28.12000084,0.5309574008
28.06999969,0.5307708383
27.96999931,0.5308865309
27.92000008,0.5304594636
27.81999969,0.5304888487
27.77000046,0.5304695368
27.69000053,0.5303968191
27.67000008,0.5305432677
27.52000046,0.5304192305
27.42000008,0.5301840305
27.37000084,0.5301200747
27.31999969,0.5302323699
27.21999931,0.5301458836
27.17000008,0.5303403735
27.12000084,0.5300723314
27.02000046,0.529963851
26.96999931,0.5298838019
26.89999962,0.5300508142
26.81999969,0.5299994349
26.71999931,0.5300773978
26.67000008,0.5299950838
26.56999969,0.5298107266
26.52000046,0.5301674008
26.46999931,0.5298112631
26.37000084,0.5296881199
26.27000046,0.5297520757
26.17000008,0.5297449231
26.12000084,0.5294522643
26.06999969,0.5296489
25.96999931,0.5296011567
25.92000008,0.5296751261
25.87000084,0.5296797156
25.81999969,0.5294193029
25.77000046,0.5294003487
25.67000008,0.5295479298
25.56999969,0.529319346
25.52000046,0.5292032361
25.46999931,0.5291742086
25.42000008,0.5293374062
25.31999969,0.5292178392
25.21999931,0.5291700363
25.12000084,0.5289279819
25.02000046,0.5291800499
24.96999931,0.5288630724
24.92000008,0.5290693641
24.87000084,0.5287867188
24.81999969,0.5291610956
24.77000046,0.5291156769
24.71999931,0.5289202929
24.62000084,0.5289962888
24.57999992,0.5287620425
24.46999931,0.5287635922
24.37000084,0.5287842751
24.31999969,0.5288231969
24.27000046,0.5285522342
24.21999931,0.5290173292
24.14999962,0.5287502408
24.06999969,0.5288405418
23.96999931,0.5284881592
23.87000084,0.5286027193
23.81999969,0.5287451744
23.77000046,0.5285184979
23.71999931,0.5285238028
23.67000008,0.5282126665
23.56999969,0.5282443166
23.52000046,0.5285096765
23.46999931,0.5284367204
23.37999916,0.5283367038
23.27000046,0.5283644795
23.17000008,0.5282323956
23.12000084,0.5281625986
23.02000046,0.5283377767
22.92000008,0.5281835198
22.87000084,0.5280364752
22.81999969,0.527785182
22.77000046,0.5278766751
22.67000008,0.5277280211
22.62000084,0.5275905132
22.56999969,0.5275765061
22.46999931,0.5278141499
22.37000084,0.5273994207
22.27000046,0.5274172425
22.21999931,0.5276287198
22.17000008,0.5276455283
22.06999969,0.5277475119
22.02000046,0.5274887085
21.92000008,0.5273026228
21.87000084,0.5273283124
21.77000046,0.5272192955
21.73999977,0.5274713039
21.67000008,0.5273878574
21.56999969,0.5274112821
21.52000046,0.5272225142
21.46999931,0.5272809267
21.42000008,0.5271690488
21.37000084,0.5271532536
21.31999969,0.5267986059
21.21999931,0.5268596411
21.17000008,0.5271492004
21.12000084,0.5269612074
21.06999969,0.526730597
21.02000046,0.5266717672
20.96999931,0.5267289877
20.92000008,0.5268745422
20.81999969,0.526494801
20.77000046,0.5266695023
20.71999931,0.5266491771
20.62000084,0.526483953
20.56999969,0.526350081
20.46999931,0.5264530778
20.42000008,0.5262275934
20.31999969,0.5262338519
20.27000046,0.526342392
20.21999931,0.5264437795
20.12000084,0.5259988904
20.02000046,0.5261490345
19.96999931,0.5261396766
19.92000008,0.5258827209
19.87000084,0.5258374214
19.82999992,0.5259430408
19.77000046,0.5257217288
19.67000008,0.5258749723
19.62000084,0.5255582929
19.56999969,0.5257233977
19.46999931,0.5257455707
19.45999908,0.525582552
19.37000084,0.5254824162
19.31999969,0.5254588127
19.27000046,0.5252790451
19.17000008,0.5252037048
19.12000084,0.5253528953
19.04000092,0.5251341462
18.96999931,0.5249200463
18.92000008,0.5249832273
18.87000084,0.5250690579
18.77000046,0.5248086452
18.67000008,0.5249066949
18.62000084,0.5248873234
18.52000046,0.5246068835
18.42000008,0.5247564316
18.37000084,0.5246005654
18.31999969,0.5245411396
18.26000023,0.5242351294
18.17000008,0.5240800381
18.02000046,0.5241249204
17.96999931,0.5239661336
17.87000084,0.5237540007
17.85000038,0.5237214565
17.77000046,0.5237520933
17.67000008,0.5234619975
17.62000084,0.5236393809
17.52000046,0.5233399868
17.46999931,0.5234309435
17.43000031,0.5234037042
17.37000084,0.5232416987
17.27000046,0.5230703354
17.21999931,0.523101449
17.12000084,0.5229343772
17.05999947,0.5230605006
16.96999931,0.5226489305
16.92000008,0.5227552652
16.87000084,0.5226063728
16.77000046,0.5224212408
16.71999931,0.5224948525
16.67000008,0.5223457813
16.56999969,0.5220840573
16.52000046,0.522328794
16.42000008,0.5221162438
16.31999969,0.521828413
16.28000069,0.5219300985
16.27000046,0.5216508508
16.17000008,0.521669805
16.06999969,0.5216985941
16.02000046,0.521389246
15.92000008,0.5213113427
15.86999989,0.5210633278
15.81999969,0.5212078691
15.72000027,0.5213370919
15.61999989,0.5210721493
15.52000046,0.5208775997
15.5,0.5207954049
15.42000008,0.5204663873
15.36999989,0.5204901099
15.31999969,0.5202382207
15.27000046,0.520331502
15.22000027,0.5199824572
15.11999989,0.5204124451
15.06999969,0.5198750496
14.97000027,0.5200335979
14.92000008,0.5197579861
14.86999989,0.5199311972
14.81999969,0.5199021697
14.77000046,0.519826889
14.72000027,0.5197335482
14.65999985,0.5194922686
14.56999969,0.5193303823
14.52000046,0.5191748738
14.42000008,0.5192835927
14.36999989,0.5190930963
14.31999969,0.5189512372
14.22000027,0.519187808
14.17000008,0.5186229348
14.06999969,0.5187240839
13.97000027,0.5184919834
13.92000008,0.5184388161
13.89999962,0.518443048
13.81999969,0.5181376934
13.77000046,0.5181216002
13.72000027,0.5182046294
13.67000008,0.5180596113
13.61999989,0.5180240273
13.52000046,0.5179136395
13.47999954,0.5179334283
13.42000008,0.5175331235
13.31999969,0.517668128
13.27000046,0.5175200701
13.22000027,0.5177957416
13.11999989,0.5174236298
13.05000019,0.5169397593
12.97000027,0.517318964
12.86999989,0.5169715285
12.81999969,0.5171416998
12.77000046,0.5168173313
12.72000027,0.5167810321
12.67000008,0.5167424679
12.61999989,0.5168756247
12.56999969,0.5167127252
12.47000027,0.5166689157
12.42000008,0.5163537264
12.31999969,0.5164349079
12.26000023,0.5163188577
12.17000008,0.5159461498
12.06999969,0.516204834
11.97000027,0.5160468817
11.92000008,0.5161924362
11.81999969,0.5159004927
11.77000046,0.5157353878
11.72000027,0.5159923434
11.67000008,0.5158708096
11.56999969,0.5155428052
11.52000046,0.515578866
11.48999977,0.5156155229
11.42000008,0.5153277516
11.36999989,0.5151407719
11.27000046,0.5152136683
11.22000027,0.5153369308
11.11999989,0.5149708986
11.06999969,0.5152591467
10.97000027,0.515165031
10.92000008,0.5152048469
10.81999969,0.5149021745
10.77000046,0.5149621964
10.71000004,0.5146199465
10.61999989,0.5147302151
10.56999969,0.5146689415
10.47000027,0.5150154829
10.42000008,0.5145780444
10.36999989,0.5147245526
10.31999969,0.5145871639
10.27000046,0.514365375
10.17000008,0.5146948099
10.11999989,0.5145959258
10.06999969,0.5142352581
9.970000267,0.5144973993
9.920000076,0.5147081017
9.819999695,0.5145018697
9.720000267,0.5140421391
9.670000076,0.5143771172
9.619999886,0.5143287778
9.569999695,0.514290154
9.5,0.5142695308
9.369999886,0.5143629909
9.319999695,0.5143063068
9.220000267,0.5141825676
9.180000305,0.5141046643
9.069999695,0.5139729977
9.020000458,0.5140888691
8.920000076,0.5139632821
8.819999695,0.5141153932
8.720000267,0.5141773224
8.670000076,0.5141506195
8.569999695,0.5138537288
8.420000076,0.5140139461
8.350000381,0.51404351
8.270000458,0.513851583
8.170000076,0.5138165951
8.119999886,0.5137404203
8.069999695,0.5139951706
8.020000458,0.513868928
