36.97000122,0.2761457562
36.72000122,0.2762038112
36.56999969,0.2764371932
36.52000046,0.2764653265
36.47000122,0.2766185701
36.41999817,0.2768966258
36.36999893,0.2770597339
36.27999878,0.2770299315
36.20999908,0.2773038149
36.16999817,0.2771050036
36.11999893,0.2773280442
36.02000046,0.27738747
35.91999817,0.2773321569
35.81999969,0.2774872482
35.72000122,0.2773849964
35.61999893,0.277608633
35.56999969,0.2773036361
35.52000046,0.2775908709
35.36999893,0.2775254548
35.31999969,0.2775060833
35.27000046,0.277536124
35.16999817,0.2778370976
35.06999969,0.2777099907
35.02000046,0.277402699
34.97000122,0.2775422037
34.91999817,0.277789861
34.86999893,0.277449429
34.72000122,0.2774830163
34.66999817,0.2776605487
34.56999969,0.2775747478
34.47000122,0.2776294351
34.41999817,0.2776513994
34.36999893,0.2773983777
34.27000046,0.2775650322
34.22000122,0.2774272561
34.18999863,0.2773961723
34.11999893,0.2775380015
34.06999969,0.2778658569
33.97000122,0.2773913145
33.91999817,0.2773486376
33.86999893,0.2775724828
33.79999924,0.2772764564
33.72000122,0.2772172093
33.66999817,0.2773671448
33.56999969,0.2774111927
33.52000046,0.27712816
33.41999817,0.2772578299
33.31999969,0.2773053348
33.22000122,0.2772384882
33.11999893,0.2771326303
33.06999969,0.2772859335
33.02999878,0.2773000002
32.93999863,0.2769706547
32.86999893,0.2769954503
32.81999969,0.27718696
32.72000122,0.2770115137
32.61999893,0.2769562304
32.56999969,0.2768809497
32.47000122,0.2765201628
32.41999817,0.2771236598
32.27000046,0.2767834365
32.16999817,0.2765286863
32.11999893,0.2767502964
32.06999969,0.2765546739
32.02000046,0.2766376138
31.92000008,0.2766253948
31.87000084,0.2766076624
31.82999992,0.2764518559
31.77000046,0.276473552
31.71999931,0.2765136063
31.62000084,0.2765409648
31.56999969,0.2763972282
31.52000046,0.2760708332
31.42000008,0.276517123
31.31999969,0.2763018012
31.21999931,0.2762363553
31.17000008,0.2763539851
31.12000084,0.2763318121
31.06999969,0.2765389085
30.96999931,0.2764388621
30.92000008,0.2761884034
30.87000084,0.276055336
30.81999969,0.2761212587
30.77000046,0.276317507
30.62000084,0.2761932015
30.61000061,0.2764431536
30.52000046,0.2762940824
30.42000008,0.2761489451
30.37000084,0.2762368917
30.27000046,0.2762568891
30.17000008,0.2760195136
30.12000084,0.2759101689
30.06999969,0.2758626044
30.02000046,0.2756771743
29.96999931,0.2760727406
29.92000008,0.275948137
29.82999992,0.2758712769
29.71999931,0.2759542167
29.67000008,0.2757079005
29.56999969,0.2758384049
29.46999931,0.2758736312
29.42000008,0.2758298218
29.37000084,0.275503248
29.31999969,0.2758238614
29.21999931,0.2757861912
29.17000008,0.2759208381
29.06999969,0.2758023441
29.02000046,0.2756387889
28.96999931,0.2755509019
28.87000084,0.2758532465
28.77000046,0.275759995
28.67000008,0.27573964
28.62000084,0.2753713727
28.54999924,0.2756589055
28.46999931,0.2754375637
28.42000008,0.2754130065
28.31999969,0.2752535343
28.27000046,0.2754500508
28.21999931,0.2755975723
28.12000084,0.2753237486
28.06999969,0.2753579617
28.02000046,0.2753456533
27.92000008,0.2755007744
27.81999969,0.2751183212
27.77000046,0.2751577795
27.67000008,0.2755061686
27.56999969,0.2753069103
27.52000046,0.2751093805
27.42000008,0.2753262818
27.37000084,0.275202632
27.31999969,0.2753912807
27.21999931,0.2751733363
27.17000008,0.2751614153
27.12000084,0.2751464546
27.06999969,0.2750614285
27.02000046,0.2750820816
26.92000008,0.2749398947
26.81999969,0.2749758661
26.71999931,0.2750574052
26.67000008,0.2749409974
26.62000084,0.2750331163
26.56999969,0.2749996483
26.42000008,0.275160253
26.37000084,0.2749363184
26.31999969,0.2748595476
26.22999954,0.2747957408
26.17000008,0.274785012
26.06999969,0.2749174535
26.02000046,0.2748529017
25.96999931,0.2748430669
25.92000008,0.2747917473
25.87000084,0.2745751143
25.77000046,0.2748514414
25.67000008,0.274412781
25.52000046,0.2745858729
25.42000008,0.2743268013
25.37000084,0.2743860483
25.31999969,0.2746297717
25.27000046,0.2744706273
25.21999931,0.2742419541
25.12000084,0.2744815946
25.06999969,0.2743632793
25.01000023,0.2743733525
24.92000008,0.2740855515
24.87000084,0.2742185891
24.77000046,0.2742107213
24.71999931,0.2742536366
24.67000008,0.2741819024
24.62000084,0.2742983699
24.56999969,0.274433136
24.52000046,0.274245888
24.42000008,0.2740045488
24.37000084,0.2738901377
24.31999969,0.2738502026
24.28000069,0.274074018
24.17000008,0.2739411891
24.12000084,0.2739624977
24.06999969,0.2737745345
24.02000046,0.2736511528
23.92000008,0.273945719
23.87999916,0.2737695277
23.81999969,0.2737689018
23.71999931,0.2736744285
23.67000008,0.2737308145
23.56999969,0.2736578584
23.46999931,0.2736553848
23.42000008,0.273622334
23.31999969,0.2734742463
23.27000046,0.273520261
23.17000008,0.2733062506
23.06999969,0.2733410001
23.04000092,0.2732489109
22.92000008,0.2732254565
22.87000084,0.2734902799
22.77000046,0.2735273242
22.67000008,0.2730716467
22.62000084,0.2731885016
22.54000092,0.2729111612
22.46999931,0.2729499042
22.42000008,0.2729518414
22.31999969,0.2732758522
22.21999931,0.2729832828
22.17000008,0.2730258703
22.12000084,0.2728859782
22.02000046,0.2725993097
21.96999931,0.2727083862
21.92000008,0.2725886405
21.87999916,0.2726412714
21.81999969,0.272690326
21.71999931,0.2726315558
21.67000008,0.2724111676
21.62000084,0.2723487318
21.52000046,0.2721505761
21.42000008,0.2722966969
21.37000084,0.2721761763
21.27000046,0.2721450031
21.21999931,0.2719641626
21.17000008,0.2722322941
21.06999969,0.2722440064
21.02000046,0.2718400657
20.96999931,0.2716745436
20.92000008,0.2716476023
20.87000084,0.2717933059
20.77000046,0.2719623744
20.71999931,0.2718864083
20.64999962,0.2714505792
20.56999969,0.2715965509
20.52000046,0.271512419
20.46999931,0.2715245187
20.37000084,0.2712910473
20.27000046,0.2717573643
20.21999931,0.2711125016
20.17000008,0.2711812258
20.06999969,0.2713466585
20.02000046,0.2711575031
19.96999931,0.2709395289
19.92000008,0.2710722983
19.85000038,0.2710155547
19.81999969,0.2710079849
19.71999931,0.2709768713
19.62000084,0.2708596289
19.56999969,0.2709598541
19.54999924,0.270688802
19.47999954,0.27063483
19.42000008,0.2705401182
19.31999969,0.2705309093
19.27000046,0.2704886198
19.21999931,0.2705357671
19.12000084,0.2703617215
19.02000046,0.2702749968
18.92000008,0.2699548006
18.87000084,0.2700479329
18.81999969,0.2702184319
18.71999931,0.2699421346
18.70000076,0.2698329389
18.62000084,0.2698295116
18.56999969,0.2698078454
18.46999931,0.2697770596
18.42000008,0.2697308362
18.37000084,0.2694561481
18.31999969,0.2695398927
18.21999931,0.2694869339
18.12000084,0.2694582343
18.06999969,0.2692606449
17.96999931,0.2692193687
17.92000008,0.2689515054
17.87000084,0.2690818906
17.77000046,0.2691890001
17.67000008,0.2688297033
17.62000084,0.2688438594
17.56999969,0.2689270675
17.52000046,0.268823266
17.45000076,0.2686591446
17.37000084,0.2689383626
17.31999969,0.2685959041
17.27000046,0.2687556446
17.17000008,0.2683094144
17.12000084,0.2684237063
17.06999969,0.2683513761
16.96999931,0.2681857347
16.92000008,0.2684859931
16.87000084,0.2682358027
16.77000046,0.268171519
16.71999931,0.2681337893
16.62000084,0.2681825757
16.52000046,0.2683525383
16.42000008,0.2680552304
16.37000084,0.2679051161
16.32999992,0.2676180601
16.27000046,0.2677817643
16.21999931,0.2677866518
16.12000084,0.2675412297
16.02000046,0.2678423226
15.97000027,0.2676172853
15.86999989,0.2674686313
15.81999969,0.2676703334
15.72000027,0.2673548162
15.56999969,0.2672965527
15.52000046,0.2675323188
15.42000008,0.2672590613
15.31999969,0.2673100829
15.27000046,0.2671636045
15.17000008,0.2670566738
15.11999989,0.2670651078
15.06999969,0.2669691741
15,0.267062515
14.86999989,0.2668519616
14.81999969,0.2670688927
14.72000027,0.266854316
14.61999989,0.2669611275
14.56999969,0.2669672668
14.52000046,0.2668508291
14.47000027,0.2667408586
14.36999989,0.2667284608
14.31999969,0.266669482
14.26000023,0.2668418288
14.17000008,0.2668565214
14.11999989,0.266422689
14.02000046,0.2665868402
13.97000027,0.2664909065
13.86999989,0.2663202584
13.85999966,0.2668680549
13.81999969,0.2665264308
13.72000027,0.2666565776
13.61999989,0.266467154
13.56999969,0.2666243911
13.47000027,0.2664077878
13.42000008,0.266367346
13.36999989,0.2661946118
13.31999969,0.2661674917
13.22000027,0.26621297
13.17000008,0.2663356364
13.14000034,0.2663646042
13.02000046,0.2661878467
12.97000027,0.2662433982
12.92000008,0.2661937177
12.86999989,0.2661408782
12.81999969,0.2661663294
12.72000027,0.2662857473
12.68999958,0.2663832009
12.61999989,0.2660039663
12.56999969,0.2659645081
12.42000008,0.2662018239
12.36999989,0.2661530375
12.27000046,0.2660087347
12.17000008,0.2660479546
12.06999969,0.2659954131
12.02000046,0.2658920884
11.97000027,0.2658805251
11.92000008,0.2660399377
11.81999969,0.2659949958
11.77000046,0.2659375966
11.72000027,0.2660748065
11.67000008,0.2657309473
11.56999969,0.2656561732
11.47000027,0.2660656869
11.36999989,0.2657989264
11.31999969,0.2658935487
11.22000027,0.2660283148
11.17000008,0.265581578
11.06999969,0.2656374574
11.02000046,0.2658829689
10.92000008,0.2657695115
10.81999969,0.2657330632
10.73999977,0.2657823265
10.67000008,0.265828371
10.56999969,0.2657379806
10.52000046,0.2656831741
10.47000027,0.2657237053
10.42000008,0.2655533254
10.31999969,0.2659338117
10.27000046,0.2658474743
10.22000027,0.2656145692
10.11999989,0.2656199634
10.06999969,0.2656652033
9.970000267,0.2653539181
