49.91999817,0.4113222957
49.72000122,0.4113247097
49.52000046,0.4113025963
49.41999817,0.4115034342
49.31999969,0.4112507105
49.25,0.4110053182
49.11999893,0.4111189246
49.02000046,0.4112232625
48.86999893,0.4109228551
48.81999969,0.4107551575
48.66999817,0.4108360112
48.61999893,0.4110220969
48.56999969,0.4106920362
48.47000122,0.4107566178
48.45999908,0.4105618298
48.41999817,0.4105642736
48.36999893,0.4105154872
48.22000122,0.4101219475
48.16999817,0.4101807773
48.11999893,0.4100458324
48.09000015,0.4098978937
48.02000046,0.409976542
47.97000122,0.4097805023
47.86999893,0.4097001553
47.81999969,0.409925878
47.77000046,0.4098771513
47.66999817,0.4095385671
47.61999893,0.4095425308
47.52000046,0.409586817
47.47000122,0.4093289971
47.36999893,0.4091869593
47.29999924,0.4091171026
47.24000168,0.409155786
47.11999893,0.4089150727
47.02000046,0.4090682864
46.97000122,0.4086111188
46.91999817,0.4086515903
46.86000061,0.4087038338
46.77000046,0.4082714021
46.72000122,0.4085325599
46.66999817,0.4082339704
46.61999893,0.4084240198
46.52000046,0.4081990719
46.47000122,0.4078813195
46.41999817,0.407699883
46.31999969,0.4079352021
46.27000046,0.4076391757
46.16999817,0.4076152444
46.09000015,0.4077740908
45.97000122,0.4076027572
45.86999893,0.4072878361
45.81999969,0.4071766734
45.77000046,0.4070351422
45.66999817,0.4068055749
45.61999893,0.4068627059
45.56999969,0.4067838192
45.52000046,0.4070475101
45.41999817,0.4066361487
45.31999969,0.406663388
45.27000046,0.4067104459
45.16999817,0.4063073993
45.11999893,0.4061433673
45.06999969,0.4059594572
45.02000046,0.406468004
44.93000031,0.4058116674
44.86999893,0.4061159194
44.81999969,0.4058074057
44.66999817,0.4057293236
44.61999893,0.4054751992
44.52000046,0.4055235982
44.47000122,0.4053596854
44.36999893,0.4053162932
44.27000046,0.4051775336
44.16999817,0.4051946402
44.11999893,0.4049443305
44.02000046,0.405049473
43.91999817,0.4047155678
43.86999893,0.404625684
43.77000046,0.4044551253
43.72000122,0.404502064
43.61999893,0.4041382968
43.56999969,0.4044613242
43.52000046,0.403799057
43.41999817,0.4040192068
43.31999969,0.4038043022
43.22000122,0.4040260911
43.16999817,0.4036443233
43.11999893,0.4036922753
43.02000046,0.40341115
42.95000076,0.40336743
42.88000107,0.4032040536
42.77000046,0.4034827352
42.72000122,0.4031147659
42.66999817,0.4030425251
42.56999969,0.4030804634
42.52000046,0.4026451409
42.5,0.4027583301
42.41999817,0.4027661681
42.31999969,0.4026017487
42.22000122,0.4022055268
42.16999817,0.4023563862
42.06999969,0.4021618068
42.02000046,0.4021570385
41.97000122,0.4019459188
41.91999817,0.402045548
41.81999969,0.4016453028
41.72999954,0.4015395045
41.66999817,0.401448667
41.56999969,0.4014929235
41.52000046,0.4016214013
41.47000122,0.4012900889
41.36999893,0.4013689756
41.29000092,0.4013107419
41.16999817,0.4010907114
41.11999893,0.4010805786
41.06999969,0.4010598958
41.02000046,0.400626421
40.97000122,0.4005092382
40.91999817,0.4003831148
40.81999969,0.4003177881
40.72000122,0.4005269408
40.66999817,0.4002939165
40.61999893,0.4003334045
40.52000046,0.4002072513
40.41999817,0.3999915719
40.36999893,0.3998683691
40.31999969,0.3999865055
40.27000046,0.3998516798
40.16999817,0.3995741904
40.11999893,0.3994229734
39.97000122,0.3992499411
39.86999893,0.3992755413
39.81999969,0.3993456066
39.77000046,0.3990379572
39.61999893,0.3987288475
39.56999969,0.3988492191
39.47000122,0.3983410895
39.36999893,0.3986035585
39.36000061,0.3985639215
39.29000092,0.3985768855
39.16999817,0.3983868659
39.11999893,0.3981319964
39.06999969,0.3980584145
39.02000046,0.398027271
38.97000122,0.3980969191
38.91999817,0.3978269994
38.86999893,0.3975824416
38.77000046,0.3977546394
38.66999817,0.3973809779
38.61999893,0.3975141048
38.56999969,0.3974105716
38.52000046,0.3976041973
38.47000122,0.3970890343
38.36999893,0.3973282576
38.27000046,0.3970552683
38.22000122,0.3969240785
38.13999939,0.3971374631
38.02000046,0.3969405293
37.91999817,0.3966298997
37.86999893,0.3964766264
37.77000046,0.3962314129
37.72000122,0.3964983523
37.66999817,0.3962656558
37.61999893,0.3959440589
37.56999969,0.3960114121
37.47000122,0.3957222104
37.41999817,0.3957384825
37.36999893,0.396040529
37.29999924,0.3956754208
37.16999817,0.3955342472
37.11999893,0.3954177499
37.06999969,0.3953633606
37.02000046,0.3955268562
36.91999817,0.3950652778
36.86999893,0.3952014148
36.77000046,0.3948929906
36.66999817,0.395047605
36.56999969,0.3945239186
36.52000046,0.3945518136
36.47000122,0.3942066431
36.41999817,0.3940205574
36.31999969,0.3941742778
36.27000046,0.3941327929
36.22000122,0.393840611
36.13999939,0.3936897516
36.02000046,0.3935308158
35.97000122,0.3935551345
35.81999969,0.3934154809
35.77000046,0.3932420313
35.72000122,0.3929522336
35.61999893,0.392434299
35.52000046,0.392329365
35.47000122,0.392514199
35.36999893,0.3919763565
35.31999969,0.3917494416
35.22000122,0.3916650116
35.11999893,0.3913341761
35.06999969,0.3908383548
34.91999817,0.3905456364
34.86999893,0.3901746571
34.81999969,0.3899461031
34.72000122,0.3899107277
34.66999817,0.3893562555
34.56999969,0.3894469142
34.52000046,0.3891255856
34.41999817,0.3885070086
34.31999969,0.3881514668
34.27000046,0.3879814148
34.22000122,0.3873162568
34.16999817,0.3871765733
34.11999893,0.3865709007
34.02000046,0.3863742948
33.97000122,0.3858937919
33.86999893,0.385608077
33.81999969,0.3853661716
33.77000046,0.38481915
33.72999954,0.3844514191
33.61999893,0.3838104606
33.56999969,0.3833781481
33.52000046,0.3829500973
33.41999817,0.3826091588
33.36999893,0.3819195628
33.27000046,0.3814342618
33.16999817,0.3806257248
33.11999893,0.379727304
33.06999969,0.379191488
