34.52000046,0.4913082719
34.36999893,0.4922678173
34.16999817,0.4929028749
34.06999969,0.4938248098
34,0.494595021
33.91999817,0.4949049354
33.86999893,0.495703131
33.81999969,0.4963974059
33.77000046,0.4966644943
33.72000122,0.4972167909
33.68000031,0.4972151518
33.61999893,0.4974892735
33.52000046,0.4979768693
33.41999817,0.4986284971
33.36999893,0.4988088906
33.31999969,0.4986717105
33.27999878,0.4991030991
33.22999954,0.4991966784
33.16999817,0.499214083
33.11999893,0.4992658198
33.06999969,0.4996620715
33.02000046,0.499327451
32.86999893,0.4998198748
32.83000183,0.500051558
32.72000122,0.4998692274
32.66999817,0.5001004338
32.56999969,0.5000922084
32.47000122,0.5002728701
32.43999863,0.5003606677
32.36999893,0.5002869964
32.27000046,0.5004973412
32.22000122,0.5002980828
32.11999893,0.5001843572
32.11000061,0.5001576543
32.02000046,0.5000829101
31.96999931,0.5003942251
31.87000084,0.5005465746
31.81999969,0.5002216101
31.77000046,0.500064075
31.71999931,0.5002109408
31.67000008,0.5001321435
31.62000084,0.5002670288
31.52000046,0.5003326535
31.42000008,0.5001094341
31.37000084,0.4999360442
31.29999924,0.4999039471
31.21999931,0.4999699295
31.17000008,0.4999349713
31.06999969,0.4997095168
31.02000046,0.4999225736
30.96999931,0.4997807443
30.92000008,0.4997466803
30.81999969,0.4996140003
30.71999931,0.4995257556
30.62000084,0.4996337593
30.56999969,0.4992642403
30.52000046,0.4996897578
30.47999954,0.4992479384
30.42000008,0.4991624653
30.27000046,0.49941957
30.17000008,0.498832792
30.11000061,0.4991061985
30.06999969,0.498922646
30.02000046,0.4985565841
29.92000008,0.4990471601
29.87000084,0.498634994
29.81999969,0.4985549748
29.71999931,0.4985439181
29.70999908,0.4982670844
29.62000084,0.4982135892
29.52000046,0.4980795979
29.42000008,0.4978569746
29.37000084,0.4979393482
29.31999969,0.4976015985
29.27000046,0.4976865947
29.21999931,0.497615844
29.12000084,0.4973813295
29.06999969,0.4974306226
29.02000046,0.4974465072
28.92000008,0.4968656301
28.81999969,0.4966873527
28.77000046,0.4967606068
28.71999931,0.4967936277
28.62000084,0.4965378046
28.56999969,0.4966024756
28.46999931,0.4964747429
28.31999969,0.4958542287
28.21999931,0.4960806966
28.17000008,0.4957189262
28.02000046,0.4955364168
27.96999931,0.4954399168
27.92000008,0.4954945445
27.81999969,0.4951350689
27.76000023,0.4950817823
27.71999931,0.4945605695
27.62000084,0.4949459732
27.56999969,0.4945720136
27.52000046,0.4944136739
27.42000008,0.4942609072
27.35000038,0.4944219887
27.21999931,0.4939382672
27.17000008,0.4940698743
27.12000084,0.4937270582
27.02000046,0.493802011
26.92000008,0.493588835
26.81999969,0.4934496284
26.71999931,0.4929419458
26.67000008,0.4931199253
26.63999939,0.493136704
26.56999969,0.4929485023
26.46999931,0.4928682446
26.42000008,0.4927126169
26.37000084,0.4926256537
26.31999969,0.4923931062
26.27000046,0.4924391508
26.17000008,0.4923079312
26.15999985,0.4918848276
26.12000084,0.4920231104
26.02000046,0.491889894
25.92000008,0.4917224348
25.87000084,0.4914909601
25.77000046,0.4911861122
25.67000008,0.4909616113
25.56999969,0.4908876717
25.52000046,0.4909112453
25.46999931,0.4910226762
25.42000008,0.4904643297
25.37000084,0.4903520048
25.27000046,0.4902607501
25.21999931,0.490285337
25.17000008,0.4902487397
25.12000084,0.490006268
25.06999969,0.4899922013
25.02000046,0.4895201623
24.95000076,0.4896860123
24.87000084,0.4895397723
24.77000046,0.4891178906
24.67000008,0.4885822833
24.56999969,0.4885006249
24.46999931,0.4885181189
24.42000008,0.4881332517
24.31999969,0.4880259931
24.27000046,0.4880486131
24.23999977,0.487554431
24.17000008,0.4873858094
24.12000084,0.4869985878
24.06999969,0.4868495762
23.96999931,0.4863466322
23.92000008,0.4865903258
23.87000084,0.4861136973
23.81999969,0.485955745
23.71999931,0.4857024848
23.62000084,0.4855753183
23.56999969,0.4848925769
23.52000046,0.4847306907
23.42000008,0.4846483171
23.37000084,0.4842770696
23.27000046,0.4840395451
23.21999931,0.4836382568
23.12000084,0.4834092557
23.06999969,0.4830856323
23.02000046,0.4825710058
22.96999931,0.4823684394
22.92000008,0.4821469486
22.81999969,0.4815467596
22.71999931,0.4812936783
22.67000008,0.4812510908
22.62000084,0.4806947708
22.52000046,0.4805201888
22.42000008,0.4797111154
22.37000084,0.4794933498
22.31999969,0.4792527258
22.27000046,0.4790786207
22.20999908,0.4783785045
22.12000084,0.478159517
22.06999969,0.477612406
22.02000046,0.4774428606
21.96999931,0.4772254825
21.87000084,0.4765566885
21.79999924,0.4759483933
21.77000046,0.4756951928
21.67000008,0.475184083
21.56999969,0.474734813
21.52000046,0.4744770527
21.42000008,0.473554343
21.37000084,0.4731194675
21.31999969,0.4727365077
21.21999931,0.4724577069
21.17000008,0.472165823
21.12000084,0.4713358283
21.02000046,0.4709771574
20.96999931,0.470634371
20.92000008,0.4702385366
20.81999969,0.4694940746
20.71999931,0.4689425528
20.63999939,0.4683116078
20.52000046,0.4676285088
20.46999931,0.4668590724
20.37000084,0.4662304819
20.27000046,0.4657346308
20.21999931,0.4653883278
20.17000008,0.4647315443
20.12000084,0.4643205702
20.06999969,0.4638719857
19.96999931,0.4635901749
19.92000008,0.4629257619
19.87000084,0.4624616206
19.81999969,0.4619875848
19.71999931,0.4615923166
19.67000008,0.4610592723
19.62000084,0.4606727362
19.56999969,0.4599466324
19.46999931,0.4594407678
19.45999908,0.45915851
19.37000084,0.4583952427
19.31999969,0.4581787586
19.27000046,0.4575814903
19.17000008,0.4572079778
19.12000084,0.4564898312
19.06999969,0.4563001692
19.02000046,0.4558471441
18.96999931,0.4549853802
18.81999969,0.4546277225
18.77000046,0.453356415
18.71999931,0.4531256258
18.62000084,0.4528804421
18.60000038,0.4522428513
18.52000046,0.4518064559
18.46999931,0.451362133
18.37000084,0.4508883357
18.21999931,0.4494828284
18.17000008,0.4485577345
18.06999969,0.4480367899
