24.12000084,0.753469646
23.77000046,0.7535666823
23.56999969,0.7540623546
23.46999931,0.7539093494
23.42000008,0.7544209361
23.37000084,0.7549132705
23.30999947,0.7550825477
23.21999931,0.7551341057
23.17000008,0.7551794052
23.06999969,0.7554107904
23.03000069,0.7555427551
22.96999931,0.7556701899
22.92000008,0.7555224895
22.81999969,0.7554879785
22.77000046,0.7557728291
22.73999977,0.7559093237
22.67000008,0.7558591366
22.62000084,0.7560075521
22.52000046,0.7560483217
22.46999931,0.7558034658
22.37000084,0.7558663487
22.27000046,0.7561358809
22.21999931,0.7561038733
22.17000008,0.7562028766
22.06999969,0.7559704781
22.02000046,0.7560094595
21.92000008,0.7560012341
21.81999969,0.7561258078
21.77000046,0.7561952472
21.67000008,0.756067872
21.62000084,0.756072402
21.56999969,0.7560058236
21.52000046,0.7560203075
21.44000053,0.7560489774
21.37000084,0.7559460998
21.31999969,0.7557939887
21.21999931,0.7556992173
21.17000008,0.7557145953
21.06999969,0.7559335232
20.96999931,0.7558387518
20.90999985,0.7556164861
20.81999969,0.7558786869
20.71999931,0.7556441426
20.68000031,0.7558295131
20.56999969,0.755605042
20.46999931,0.7552340627
20.37000084,0.755671382
20.31999969,0.7553703785
20.27000046,0.7553406954
20.17000008,0.7551053762
20.06999969,0.7552207112
20.02000046,0.7552009821
19.92000008,0.7548646331
19.87000084,0.755097568
19.81999969,0.7550424337
19.77000046,0.7549052238
19.67000008,0.754804194
19.62000084,0.7549180984
19.56999969,0.7548235655
19.46999931,0.754658103
19.42000008,0.7546037436
19.31999969,0.7545941472
19.21999931,0.7544093728
19.17000008,0.7544853091
19.09000015,0.7543511391
18.96999931,0.7543845773
18.92000008,0.7542867064
18.87000084,0.7540563345
18.77000046,0.7542553544
18.71999931,0.7541527748
18.67000008,0.7540066242
18.56999969,0.7540029883
18.46999931,0.753793478
18.42000008,0.7539670467
18.27000046,0.7538607121
18.21999931,0.7538329959
18.17000008,0.7538229227
18.12000084,0.7535699606
18.05999947,0.7537231445
17.96999931,0.7537046075
17.92000008,0.7533833981
17.87000084,0.7534691691
17.77000046,0.7535828352
17.71999931,0.7533141971
17.62000084,0.7534145117
17.52000046,0.7533128858
17.46999931,0.7533249259
17.42000008,0.7533510923
17.37000084,0.7531976104
17.27000046,0.7531400323
17.21999931,0.7532176971
17.12000084,0.7531917691
17.06999969,0.7529661059
17.04000092,0.7529919744
16.96999931,0.753082633
16.92000008,0.7527387142
16.81999969,0.7528669834
16.77000046,0.7528617978
16.75,0.7528468966
16.67000008,0.7529489398
16.56999969,0.7527941465
16.52000046,0.7528207302
16.42000008,0.7527000904
16.37000084,0.7526764274
16.27000046,0.7528266311
16.21999931,0.7524206638
16.12000084,0.7525702119
16.06999969,0.7524474859
15.97000027,0.7523883581
15.92000008,0.7528626919
15.86999989,0.7523190975
15.81999969,0.7522123456
15.77000046,0.752597928
15.61999989,0.7525267601
15.56999969,0.7521947622
15.52000046,0.7523146868
15.47000027,0.7521129251
15.36999989,0.7524039745
15.31999969,0.7523914576
15.27000046,0.7522159219
15.18999958,0.7524437904
15.06999969,0.7520437837
14.97000027,0.7520948052
14.86999989,0.7517736554
14.81999969,0.7519200444
14.77000046,0.7520914674
14.67000008,0.7519836426
14.61999989,0.7517856956
14.56999969,0.7519871593
14.52000046,0.7519158721
14.42000008,0.7520871162
14.39000034,0.7519899011
14.36999989,0.7517682314
14.27000046,0.7517592907
14.17000008,0.7518262267
14.11999989,0.7517943382
14.06999969,0.7517576814
14.02000046,0.7517699003
13.92000008,0.7518664598
13.86999989,0.7515949607
13.81999969,0.7514721751
13.77000046,0.7515705824
13.67000008,0.7515451908
13.61999989,0.7515960932
13.59000015,0.7515242696
13.52000046,0.7515486479
13.42000008,0.7514782548
13.36999989,0.7515300512
13.30000019,0.7513231635
13.17000008,0.7516812086
13.11999989,0.751403451
13.05000019,0.7512963414
12.97000027,0.7512850165
12.86999989,0.7514078021
12.77000046,0.7516379952
12.67000008,0.7511746883
12.61999989,0.7512503862
12.56999969,0.7512629628
12.52000046,0.75106287
12.47000027,0.7511767745
12.42000008,0.7512825131
12.36999989,0.7509970069
12.27000046,0.7511377931
12.22000027,0.7510592937
12.11999989,0.7511094213
12.06999969,0.7508345842
12.02000046,0.7510377765
11.97000027,0.7510416508
11.86999989,0.7508320808
11.81999969,0.7510313392
11.77000046,0.7506836653
11.72000027,0.7507221699
11.67000008,0.7506424785
11.56999969,0.7508719563
11.52000046,0.7505387068
11.5,0.750620842
11.42000008,0.7508454919
11.31999969,0.7506685853
11.27000046,0.750610888
11.25,0.7504099607
11.17000008,0.7504991293
11.06999969,0.7506344318
11.02000046,0.7504347563
10.92000008,0.750451088
10.86999989,0.750195384
10.81999969,0.7502444983
10.77000046,0.7501750588
10.72000027,0.7501883507
10.61999989,0.7502807379
10.56999969,0.7502114177
10.52000046,0.7500662208
10.46000004,0.7500886321
10.36999989,0.7498658299
10.31999969,0.7500551939
10.22000027,0.750044167
10.18000031,0.7497553229
10.11999989,0.7498035431
10.06999969,0.74971205
10.02000046,0.7497830987
9.970000267,0.749902308
9.869999886,0.7494301796
9.770000458,0.7497490048
9.670000076,0.7496638298
9.659999847,0.749370873
9.619999886,0.7494219542
9.520000458,0.749402225
9.420000076,0.7493149042
9.369999886,0.7496552467
9.319999695,0.7491609454
9.270000458,0.7492361069
9.170000076,0.7492324114
9.119999886,0.7489845753
9.020000458,0.7492251396
8.970000267,0.7489186525
8.920000076,0.7491747141
8.819999695,0.7488278151
8.770000458,0.7486580014
8.720000267,0.7488626242
8.670000076,0.7488117218
8.619999886,0.7484002113
8.569999695,0.7487286329
8.470000267,0.7485923767
8.420000076,0.7483994365
8.369999886,0.7486977577
8.319999695,0.7482975721
8.270000458,0.7481421828
8.170000076,0.7481948137
8.069999695,0.748059392
7.96999979,0.748247683
7.920000076,0.7477257848
7.829999924,0.7480246425
7.769999981,0.7480979562
7.670000076,0.7477809191
7.619999886,0.7477825284
7.590000153,0.7474421859
7.46999979,0.7474050522
7.420000076,0.7475759983
7.360000134,0.7472949624
7.269999981,0.7470359206
7.21999979,0.7468918562
7.170000076,0.7470389009
7.119999886,0.7467648983
6.96999979,0.7467919588
6.920000076,0.7469683886
6.869999886,0.7465573549
6.820000172,0.7466218472
6.789999962,0.7464193702
6.71999979,0.7462790608
6.670000076,0.746272862
6.570000172,0.7460259795
6.539999962,0.746004045
6.46999979,0.7458367944
6.420000076,0.7458752394
6.320000172,0.7456228137
6.269999981,0.7457848191
6.239999771,0.7456101179
6.170000076,0.7454797626
6.119999886,0.7453933358
6.070000172,0.7450924516
5.96999979,0.7453015447
5.869999886,0.7449948788
5.769999981,0.744987905
5.71999979,0.7446729541
5.619999886,0.7446570992
5.570000172,0.7442868948
5.519999981,0.7443786263
5.420000076,0.7440881133
5.369999886,0.7438431978
5.320000172,0.7440620661
5.269999981,0.7438896298
5.199999809,0.7435963154
5.170000076,0.7436361313
5.070000172,0.7432866693
5.019999981,0.7436634898
4.96999979,0.7432915568
4.869999886,0.7432945967
4.820000172,0.7430986166
4.769999981,0.7428082228
4.71999979,0.7428417802
4.619999886,0.742320776
4.570000172,0.7423404455
4.519999981,0.7422005534
4.46999979,0.7421823144
4.420000076,0.7419120073
4.320000172,0.7417423129
4.269999981,0.7417010665
4.21999979,0.7416418791
4.179999828,0.7414775491
4.070000172,0.7412139177
4.019999981,0.7410895824
3.920000076,0.7409893274
