12.92000008,0.8053985834
13.01000023,0.8051373959
13.11999989,0.8046728373
13.17000008,0.8046381474
13.27000046,0.8040739298
13.31999969,0.8035036922
13.42000008,0.8032338023
13.52000046,0.802395761
13.61999989,0.8021731973
13.67000008,0.8016997576
13.77000046,0.8012544513
13.82999992,0.8006404638
13.92000008,0.8003620505
14.02000046,0.8000310063
14.11999989,0.8000816107
14.17000008,0.7997254729
14.31999969,0.7991797924
14.38000011,0.7987383008
14.47000027,0.7988151312
14.52000046,0.7985134721
14.61999989,0.798271656
14.67000008,0.7979601622
14.77000046,0.7979958057
14.81999969,0.7979394197
14.85000038,0.797655046
14.92000008,0.7976033092
14.96000004,0.7973670363
15.06999969,0.7970764041
15.11999989,0.7968733907
15.22000027,0.7968559861
15.27000046,0.7963940501
15.36999989,0.7966521382
15.42000008,0.7963678837
15.52000046,0.7963059545
15.56999969,0.7962236404
15.64999962,0.7961739898
15.72000027,0.7960393429
15.81999969,0.7959811687
15.92000008,0.795717001
15.93999958,0.7954846025
16.02000046,0.795497179
16.06999969,0.79545331
16.12000084,0.7953655124
16.18000031,0.7951648831
16.27000046,0.7953619957
16.31999969,0.7950040698
16.37000084,0.7948105335
16.52000046,0.7947511673
16.56999969,0.7947483063
16.67000008,0.794978857
16.70000076,0.7945135236
16.77000046,0.7947528958
16.81999969,0.7946327925
16.92000008,0.7945355773
16.96999931,0.7943736315
17.06999969,0.7946914434
17.12000084,0.7942603827
17.21999931,0.794268012
17.31999969,0.7941175699
17.42000008,0.7944275141
17.46999931,0.793911159
17.5,0.7939875126
17.56999969,0.794029057
17.62000084,0.7941371799
17.71999931,0.7938634157
17.77000046,0.7937943339
17.81999969,0.7936382294
17.87000084,0.7936426401
17.96999931,0.7935464382
18.02000046,0.7938110232
18.12000084,0.7934343815
18.17000008,0.7936038971
18.27000046,0.7936756015
18.31999969,0.7934567928
18.42000008,0.7934322953
18.46999931,0.7933360338
18.52000046,0.7932748199
18.56999969,0.7932819724
18.67000008,0.7934001088
18.77000046,0.7930694818
18.87000084,0.7932012677
18.92000008,0.7930631042
18.96999931,0.7929878831
19.04999924,0.7931019068
19.12000084,0.7927746773
19.17000008,0.7927573323
19.27000046,0.7926523089
19.42000008,0.7928071618
19.46999931,0.7928805351
19.56999969,0.792591393
19.67000008,0.7924484611
19.71999931,0.7923982739
19.77000046,0.7924346924
19.87000084,0.7922659516
19.92000008,0.7923825383
19.96999931,0.7922322154
20.02000046,0.7923145294
20.07999992,0.7919868231
20.17000008,0.7921867371
20.21999931,0.7922843099
20.27000046,0.7919176817
20.32999992,0.79189533
20.42000008,0.7918241024
20.52000046,0.7917394042
20.62000084,0.7915713787
20.67000008,0.7916995883
20.71999931,0.7913383842
20.81999969,0.7912755013
20.86000061,0.7913100123
20.92000008,0.7911087871
20.96999931,0.7912643552
21.06999969,0.7910250425
21.12000084,0.7909715772
21.17000008,0.7909360528
21.21999931,0.7908415198
21.27000046,0.7906255126
21.37000084,0.7905384898
21.46999931,0.7905060053
21.56999969,0.7902005911
21.62000084,0.7904194593
21.71999931,0.7900558114
21.81999969,0.7899849415
21.82999992,0.7899188995
21.87000084,0.7896254659
21.96999931,0.7895743251
22.06999969,0.7895884514
22.12000084,0.789498508
22.17000008,0.7890923619
22.27000046,0.7891464233
22.31999969,0.7889467478
22.37000084,0.7889184952
22.44000053,0.7889377475
22.52000046,0.7886378765
22.56999969,0.7886101007
22.67000008,0.7884451747
22.71999931,0.7883417606
22.81999969,0.7883986831
22.87000084,0.78824085
22.96999931,0.7878859043
23.02000046,0.7880039811
23.06999969,0.7879690528
23.12000084,0.7880505919
23.21999931,0.7880805135
23.27000046,0.7880943418
23.31999969,0.7878979445
23.42000008,0.78818506
23.47999954,0.7883973718
23.56999969,0.7881923318
23.67000008,0.7883698344
23.77000046,0.7884122133
23.81999969,0.7890301943
23.92000008,0.789393723
24.02000046,0.7895157933
24.06999969,0.7899047732
24.17000008,0.790035665
24.27000046,0.7905473113
24.37000084,0.7909641266
24.42000008,0.7914437056
24.46999931,0.7919923067
24.52000046,0.7921059132
24.56999969,0.7923817635
24.62000084,0.7931476831
24.67000008,0.7930651307
24.77000046,0.7935959697
24.81999969,0.7941850424
24.87000084,0.7945640087
24.96999931,0.7949003577
25.02000046,0.7952578068
25.12000084,0.7960505486
25.17000008,0.7966225147
25.27000046,0.7969548702
25.34000015,0.7978973389
25.42000008,0.7982679605
25.46999931,0.7986227274
25.52000046,0.7992352247
25.57999992,0.7993402481
25.62000084,0.7998558283
25.71999931,0.8006204963
25.77000046,0.8008521795
25.81999969,0.8013564348
25.92000008,0.8020369411
26.02000046,0.8024077415
26.06999969,0.8034898639
26.17000008,0.8038908243
26.21999931,0.8042960763
26.31999969,0.8053101301
26.37000084,0.8058931828
26.42000008,0.8063186407
26.46999931,0.8067595363
26.56999969,0.8073734045
26.67000008,0.8078861833
26.71999931,0.8085125685
26.77000046,0.8089894652
26.81999969,0.8094431758
26.92000008,0.8099992871
26.96999931,0.8107926846
27.12000084,0.8117600679
27.17000008,0.8124306798
27.20000076,0.8129124641
27.27000046,0.8132439256
27.31999969,0.8137773871
27.42000008,0.8143444061
27.56999969,0.8155499101
27.67000008,0.815920949
27.71999931,0.8164781332
27.81999969,0.8176986575
27.87000084,0.8183227777
27.96999931,0.8189154863
28.02000046,0.8192551732
28.05999947,0.8199884892
28.17000008,0.8206623197
28.21999931,0.821593523
28.29999924,0.8223173618
28.42000008,0.8228307962
28.46999931,0.8238775134
28.52000046,0.8242578506
28.56999969,0.8248536587
28.62000084,0.8255670071
28.71999931,0.8260135055
28.77000046,0.8272749782
28.87000084,0.8279929757
28.92000008,0.8287258148
28.96999931,0.8294101954
29.02000046,0.8300825953
29.12000084,0.8304604292
29.17000008,0.8313621283
29.21999931,0.8319213986
29.27000046,0.8326957226
29.31999969,0.8333225846
