25.52000046,0.7679790854
25.17000008,0.7684280872
24.92000008,0.7689986229
24.81999969,0.7690523267
24.77000046,0.7700733542
24.73999977,0.7705985308
24.67000008,0.7703834176
24.62000084,0.7710173726
24.46999931,0.7711933851
24.42000008,0.7714702487
24.31999969,0.7715105414
24.27000046,0.7716200948
24.21999931,0.771635592
24.17000008,0.7719339728
24.12000084,0.7721393108
24.02000046,0.7724693418
23.92000008,0.7722584009
23.89999962,0.7726777792
23.81999969,0.7721800208
23.77000046,0.7726492286
23.67000008,0.7727239728
23.64999962,0.7727214098
23.56999969,0.7728149295
23.52000046,0.7728405595
23.46999931,0.7728162408
23.45000076,0.7729665041
23.37000084,0.7728556395
23.27000046,0.7730180025
23.21999931,0.773201406
23.17000008,0.7729525566
23.12000084,0.7731801867
23.06999969,0.7728649974
22.96999931,0.7730441093
22.92000008,0.7732253075
22.87000084,0.7730894685
22.81999969,0.773000598
22.77000046,0.7730013132
22.67000008,0.7730488777
22.63999939,0.7730410695
22.56999969,0.773075521
22.52000046,0.7733669281
22.46999931,0.773168385
22.42000008,0.7728114128
22.31999969,0.7730673552
22.27000046,0.7728937268
22.21999931,0.7728891969
22.17000008,0.772924006
22.12000084,0.7728793025
22.02000046,0.7729980946
21.92000008,0.7728702426
21.87000084,0.772968173
21.84000015,0.7726650238
21.77000046,0.7724680305
21.71999931,0.772479713
21.67000008,0.772598207
21.61000061,0.7725455165
21.52000046,0.7725613117
21.46999931,0.7724944949
21.42000008,0.7724882364
21.31999969,0.7721931338
21.28000069,0.7722570896
21.21999931,0.7723520994
21.17000008,0.772335887
21.06999969,0.7720391154
21.05999947,0.7719458938
20.96999931,0.7717593312
20.92000008,0.7718753815
20.81999969,0.7717556953
20.77000046,0.7716806531
20.67000008,0.7718688846
20.56999969,0.7715031505
20.5,0.771520257
20.42000008,0.77126652
20.37000084,0.7713671327
20.28000069,0.7713031173
20.21999931,0.7709448934
20.12000084,0.7711524963
20.06999969,0.7710790038
19.97999954,0.7707368731
19.87000084,0.7706816792
19.81999969,0.7706725001
19.77000046,0.7707101107
19.72999954,0.7705336213
19.62000084,0.7705184221
19.52000046,0.7702761292
19.5,0.770259738
19.42000008,0.770239532
19.37000084,0.7703040838
19.31999969,0.7704100609
19.21999931,0.7705075741
19.20999908,0.7699013352
19.12000084,0.7702940106
19.06999969,0.7699357867
19.02000046,0.7699378729
18.92000008,0.7698364854
18.87000084,0.7697820663
18.77000046,0.7694733739
18.71999931,0.7697442174
18.67000008,0.7695670724
18.62000084,0.7695797086
18.56999969,0.7696905732
18.46999931,0.7694408298
18.42000008,0.7693964243
18.31999969,0.7694518566
18.27000046,0.7691354156
18.17000008,0.7692995667
18.12000084,0.7694477439
18.06999969,0.7693496346
18.02000046,0.7691832185
17.92000008,0.7690932751
17.81999969,0.7688861489
17.71999931,0.7690372467
17.67000008,0.7690563798
17.64999962,0.7691127658
17.56999969,0.7688350081
17.46999931,0.7687510848
17.42000008,0.7686738372
17.38999939,0.7686240077
17.31999969,0.7687323093
17.21999931,0.7687143087
17.17000008,0.7687025666
17.12000084,0.768411994
17.06999969,0.7685767412
16.96999931,0.7686075568
16.92000008,0.7684264779
16.87000084,0.7682561874
16.81999969,0.7681589127
16.71999931,0.7682823539
16.62000084,0.7683485746
16.59000015,0.7679076791
16.46999931,0.7681155801
16.42000008,0.7681881189
16.31999969,0.7680645585
16.27000046,0.7680915594
16.21999931,0.7679014206
16.17000008,0.7677471638
16.06999969,0.7682265639
16.02000046,0.7679798007
15.97000027,0.7678831816
15.92000008,0.7677514553
15.86999989,0.7677519917
15.81999969,0.767516017
15.77000046,0.7674084902
15.67000008,0.7676007152
15.61999989,0.7674294114
15.52000046,0.7674502134
15.47000027,0.7674618363
15.36999989,0.7673588395
15.31999969,0.7672438622
15.27000046,0.7673454285
15.22000027,0.7671719193
15.11999989,0.7672591805
15.06999969,0.7671221495
15.02000046,0.7669466734
14.97000027,0.7671561241
14.86999989,0.7668477893
14.81999969,0.7668441534
14.77000046,0.7667977214
14.72000027,0.7669689655
14.67000008,0.7668358088
14.56999969,0.7668358684
14.52000046,0.7668668032
14.47000027,0.7667293549
14.36999989,0.766741097
14.31999969,0.7665994763
14.27000046,0.7664214373
14.17000008,0.7664708495
14.11999989,0.7665250301
14.06999969,0.7664264441
14.02000046,0.7664910555
13.96000004,0.7665066719
13.86999989,0.7662431598
13.81999969,0.7661610842
13.77000046,0.7661160231
13.61999989,0.7659927011
13.56999969,0.7659626007
13.52000046,0.7660716772
13.47000027,0.7660375237
13.36999989,0.7658594847
13.31999969,0.7658885717
13.22000027,0.7656178474
13.11999989,0.7654050589
13.06999969,0.765556097
12.97000027,0.76557374
12.93000031,0.7654348016
12.86999989,0.7652382851
12.77000046,0.7653642893
12.67000008,0.7652320862
12.56999969,0.7649478316
12.42000008,0.764872551
12.31999969,0.7646930814
12.27000046,0.7647268176
12.17000008,0.7646844387
12.14000034,0.7646839023
12.06999969,0.7646440268
11.97000027,0.764508903
11.92000008,0.7646392584
11.81999969,0.7642133236
11.72000027,0.7642825246
11.67000008,0.7643184662
11.60000038,0.7637890577
11.52000046,0.7636508942
11.47000027,0.7635982633
11.35999966,0.7635096312
11.27000046,0.763379693
11.22000027,0.7633840442
11.17000008,0.7634932399
11.11999989,0.7633088827
11.02000046,0.7632744908
10.97000027,0.7629910111
10.92000008,0.763322413
10.86999989,0.7630489469
10.81000042,0.7629401684
10.77000046,0.7628260255
10.72000027,0.7624983191
10.67000008,0.7624893188
10.56999969,0.7623177171
10.56000042,0.7622154951
10.52000046,0.7623288035
10.42000008,0.7623246908
10.31999969,0.7622299194
10.27000046,0.7618516088
10.17000008,0.7617228627
10.06999969,0.761849463
10.02000046,0.7614551783
9.920000076,0.7614315152
9.819999695,0.7612615228
9.770000458,0.7609622478
9.720000267,0.761051178
9.670000076,0.7608374953
9.569999695,0.7606701255
9.520000458,0.7605240345
9.420000076,0.7604008317
9.369999886,0.7601256967
9.319999695,0.7601540685
9.270000458,0.7600651383
9.170000076,0.7598924637
9.119999886,0.7597777247
9.020000458,0.7596632838
8.970000267,0.7592495084
8.869999886,0.7592132688
8.819999695,0.7590606213
8.770000458,0.7590513229
8.670000076,0.7586351037
8.619999886,0.7586461902
8.569999695,0.7585374117
8.520000458,0.7583568692
8.460000038,0.7581990361
8.319999695,0.7580422759
8.220000267,0.7575231791
8.119999886,0.7573615909
8.069999695,0.7568348646
7.96999979,0.7568454146
7.920000076,0.7565965056
7.869999886,0.7565000653
7.820000172,0.7561822534
7.71999979,0.7558199167
7.670000076,0.7559824586
7.619999886,0.7555327415
7.519999981,0.755585134
7.46999979,0.7553145885
7.369999886,0.7552435994
7.320000172,0.7550560236
7.21999979,0.754635632
7.179999828,0.7543292642
7.119999886,0.7544023395
7.070000172,0.7540333867
6.96999979,0.7537916303
6.949999809,0.7536221743
6.869999886,0.7535101175
6.820000172,0.7534034848
6.71999979,0.7531400919
6.670000076,0.7530197501
6.659999847,0.7527707815
6.619999886,0.7524030209
6.519999981,0.7523148656
6.420000076,0.752043128
6.409999847,0.7520301342
6.369999886,0.7514882088
6.269999981,0.7515736818
6.21999979,0.7510764003
6.170000076,0.7511053681
6.119999886,0.7508374453
6.019999981,0.7507808805
5.96999979,0.7502749562
5.869999886,0.7500357032
5.769999981,0.7496311665
5.71999979,0.7495368123
5.670000076,0.7491135001
5.619999886,0.749243021
5.519999981,0.7487994432
5.46999979,0.748719871
5.420000076,0.7485184669
5.369999886,0.7483699322
5.320000172,0.7482346296
5.21999979,0.747717917
