5.269999981,0.7478369474
5.369999886,0.7480530143
5.46999979,0.7487624288
5.570000172,0.748672545
5.670000076,0.7490110993
5.71999979,0.7487240434
5.820000172,0.7485579848
5.869999886,0.7484614253
5.920000076,0.7483035922
5.96999979,0.7484887242
6.019999981,0.748539865
6.119999886,0.7487735748
6.170000076,0.7484821677
6.21999979,0.7487106323
6.320000172,0.7487886548
6.369999886,0.748691678
6.420000076,0.7484050989
6.46999979,0.7481637597
6.519999981,0.7483413219
6.619999886,0.7487004399
6.659999847,0.7483773232
6.71999979,0.7481678724
6.820000172,0.7482300401
6.869999886,0.7481703162
6.900000095,0.7483213544
6.96999979,0.7480410933
7,0.7480071187
7.070000172,0.7481961846
7.119999886,0.7476540804
7.21999979,0.7477388382
7.269999981,0.7479784489
7.369999886,0.7476639152
7.420000076,0.7477687001
7.46999979,0.7477223873
7.519999981,0.7480096221
7.619999886,0.7474817038
7.639999866,0.7475901842
7.71999979,0.7474653125
7.769999981,0.7475579381
7.820000172,0.7474658489
7.869999886,0.7474202514
7.920000076,0.7473698258
8.069999695,0.7473468184
8.119999886,0.7469349504
8.180000305,0.7472673059
8.270000458,0.7470176816
8.319999695,0.7473353148
8.369999886,0.7469955087
8.470000267,0.7469372153
8.569999695,0.7471100688
8.619999886,0.7469176054
8.720000267,0.7469699383
8.75,0.7470371127
8.770000458,0.7469391823
8.869999886,0.7469241023
8.970000267,0.7466881275
9.069999695,0.747369945
9.119999886,0.7473363876
9.220000267,0.7473399639
9.289999962,0.7470296621
9.369999886,0.7474565506
9.420000076,0.7472798228
9.470000267,0.7476186752
9.520000458,0.7471519709
9.569999695,0.7471877933
9.670000076,0.7472316623
9.720000267,0.7473768592
9.770000458,0.7472596169
9.819999695,0.7471083999
9.920000076,0.7474649549
9.970000267,0.747213006
10.02000046,0.7470083833
10.05000019,0.7469037771
10.11999989,0.7470569611
10.22000027,0.746833086
10.31999969,0.7465826273
10.36999989,0.7465102673
10.42000008,0.7464350462
10.52000046,0.7465592623
10.56999969,0.7464931607
10.61999989,0.7464827299
10.67000008,0.7464535236
10.72000027,0.7462069392
10.77000046,0.7462253571
10.86999989,0.7463307381
10.92000008,0.7461300492
10.97000027,0.745795548
11.06999969,0.7456278205
11.11999989,0.7458336949
11.22000027,0.7454864383
11.31999969,0.7454047799
11.35999966,0.745315969
11.47000027,0.7454875112
11.56999969,0.7452705503
11.67000008,0.7453311682
11.77000046,0.7450528741
11.81999969,0.7447347641
11.84000015,0.7446397543
11.92000008,0.7445604801
12.02000046,0.7445893288
12.11999989,0.7444213629
12.14000034,0.7443007827
12.22000027,0.7440345883
12.27000046,0.7438511252
12.36999989,0.7440293431
12.47000027,0.7437032461
12.52000046,0.74354738
12.61999989,0.743632853
12.67000008,0.7433807254
12.72000027,0.7433022261
12.81999969,0.7432923913
12.86999989,0.7430776358
12.97000027,0.7432803512
13.02000046,0.7431625724
13.11999989,0.7429650426
13.17000008,0.7428890467
13.18000031,0.742967844
13.27000046,0.742888093
13.36999989,0.7429098487
13.40999985,0.7428357005
13.47000027,0.7428148985
13.56999969,0.742598772
13.61999989,0.7430078387
13.72000027,0.7426055074
13.81999969,0.7424395084
13.86999989,0.7422664762
13.90999985,0.7425788641
13.97000027,0.7425125837
14.06999969,0.7424849272
14.11999989,0.7425060868
14.17000008,0.7422562838
14.22000027,0.7423039079
14.31999969,0.7423667312
14.42000008,0.7422102094
14.47000027,0.7423737645
14.52000046,0.7422738075
14.56999969,0.7420420647
14.61999989,0.7421543002
14.72000027,0.7422170639
14.77000046,0.7421169877
14.81999969,0.7421016693
14.86999989,0.7419332862
14.92000008,0.7421089411
15.02000046,0.7418699861
15.06999969,0.7417140007
15.17000008,0.7417727709
15.22999954,0.7417111993
15.31999969,0.7416031361
15.36999989,0.741538167
15.42000008,0.7417532206
15.47000027,0.7415155768
15.56999969,0.7415625453
15.61999989,0.7415232658
15.67000008,0.7415286303
15.81999969,0.7413851023
15.86999989,0.7413384318
15.92000008,0.7416449785
16.02000046,0.7415786386
16.06999969,0.7416045666
16.12000084,0.7415530682
16.17000008,0.7416148782
16.21999931,0.7414440513
16.31999969,0.7414739728
16.37000084,0.741317153
16.52000046,0.7414978743
16.56999969,0.7414533496
16.62000084,0.7413762212
16.71999931,0.7412699461
16.81999969,0.7416238189
16.92000008,0.7415557504
16.96999931,0.7414932847
17,0.7414788604
17.06999969,0.7415442467
17.17000008,0.7411872149
17.21999931,0.7414175272
17.27000046,0.7414268851
17.31999969,0.7415379286
17.37000084,0.7415654659
17.46999931,0.7414916754
17.5,0.74170959
17.56999969,0.7416473627
17.62000084,0.7413244247
17.71999931,0.7415349483
17.77000046,0.7415207028
17.81999969,0.7415533066
17.87000084,0.7415283322
17.96999931,0.7415595651
18.02000046,0.7416108847
18.06999969,0.7415689826
18.12000084,0.7413825989
18.21999931,0.7415552735
18.27000046,0.741617918
18.29999924,0.7413654327
18.37000084,0.7416148782
18.42000008,0.7416712642
18.52000046,0.7414260507
18.62000084,0.7415741682
18.71999931,0.7416318059
18.77000046,0.7414991856
18.79000092,0.7418225408
18.87000084,0.7413405776
18.92000008,0.7416514158
19.02000046,0.741691649
19.12000084,0.7415639758
19.21999931,0.7418808937
19.27000046,0.7417897582
19.31999969,0.7416968942
19.42000008,0.741759479
19.46999931,0.7416395545
19.52000046,0.7417506576
19.56999969,0.7416903377
19.67000008,0.7418410182
19.71999931,0.7418513298
19.77000046,0.742102325
19.81999969,0.741979897
19.92000008,0.7419662476
19.96999931,0.7419123054
20.02000046,0.7420375943
20.06999969,0.7417961955
20.12999916,0.7418785095
20.21999931,0.7420165539
20.31999969,0.7422447801
20.42000008,0.7419543862
20.46999931,0.7423970103
20.56999969,0.7421401739
20.67000008,0.7423345447
20.77000046,0.7428951263
20.92000008,0.7426847219
20.94000053,0.7426640987
20.96999931,0.7426940799
21.06999969,0.7429490685
21.17000008,0.7427651882
21.21999931,0.7428430319
21.27000046,0.7431796789
21.37000084,0.7432727814
21.42000008,0.7433092594
21.46999931,0.743617177
21.56999969,0.743568778
21.67000008,0.7436904311
21.71999931,0.7440366745
21.81999969,0.7441393137
21.87000084,0.744109273
21.92000008,0.7443455458
21.96999931,0.7444489002
22.02000046,0.7447764277
22.12000084,0.7448490858
22.21999931,0.7452233434
22.27000046,0.7453327179
22.37000084,0.7454830408
22.42000008,0.74590832
22.46999931,0.745926559
22.52000046,0.7461787462
22.62000084,0.7462516427
22.67000008,0.7462561131
22.76000023,0.7468224764
22.87000084,0.7472398281
22.92000008,0.7474401593
23.02000046,0.7477962375
23.06999969,0.7479342818
23.12000084,0.7482127547
23.17000008,0.7485112548
23.21999931,0.7487684488
23.27000046,0.7488675117
23.37000084,0.749091506
23.46999931,0.7495108247
23.56999969,0.7498726249
23.62000084,0.7500328422
23.71999931,0.7506662607
23.77000046,0.7507891655
23.87000084,0.7512288094
23.96999931,0.7517025471
24.02000046,0.7517318726
24.06999969,0.7521340251
24.12000084,0.7524386048
24.21999931,0.7528247833
